2
7
8
10
14
16
21
23
24
32
35
47
53
58
59
64
68
76
77
78
79
85
87
93
96
108
109
116
117
122
124
127
128
131
135
141
144
147
155
157
158
160
163
165
168
174
175
177
178
180
182
183
184
185
187
191
197
199
203
205
210
215
219
220
221
226
228
229
232
236
249
252
266
267
271
273
275
285
291
292
296
298
302
304
308
311
318
319
320
323
325
331
336
337
344
345
347
357
359
369
372
373
377
378
385
392
394
396
398
400
408
410
419
423
424
426
427
428
429
438
440
448
452
454
455
459
464
466
467
472
474
475
476
477
483
487
488
492
493
496
499
503
506
511
513
518
526
528
530
533
534
545
546
551
553
556
559
565
567
569
572
575
576
578
579
584
586
588
590
591
592
596
599
604
605
609
613
614
617
619
622
623
624
625
627
631
634
635
639
642
645
646
649
654
656
658
660
663
665
674
675
676
678
680
683
694
697
699
700
704
705
706
707
711
713
719
720
725
726
730
732
735
736
740
741
743
749
754
755
760
766
775
785
796
798
800
803
806
809
812
817
819
822
825
827
829
831
832
834
841
844
847
853
868
870
873
883
886
887
889
890
893
895
897
900
908
911
915
921
924
926
928
930
934
940
946
952
957
958
960
961
963
967
968
969
970
980
982
984
985
990
995
1006
1025
1028
1029
1032
1034
1037
1043
1046
1053
1055
1056
1057
1061
1064
1066
1067
1073
1075
1076
1084
1091
1096
1098
1101
1102
1103
1109
1114
1115
1126
1127
1130
1132
1136
1138
1141
1147
1154
1155
1156
1157
1160
1165
1173
1175
1181
1182
1183
1185
1188
1190
1193
1194
1202
1203
1207
1208
1215
1218
1223
1227
1236
1238
1239
1240
1242
1250
1252
1254
1256
1258
1261
1262
1263
1264
1267
1269
1271
1274
1275
1277
1280
1283
1285
1296
1300
1301
1307
1308
1309
1313
1315
1317
1318
1322
1325
1326
1338
1340
1363
1364
1366
1380
1384
1386
1387
1391
1394
1395
1397
1401
1406
1408
1409
1410
1412
1416
1418
1424
1426
1432
1434
1440
1443
1444
1449
1452
1457
1461
1464
1469
1470
1477
1480
1484
1485
1489
1492
1494
1495
1496
1506
1510
1518
1522
1524
1528
1535
1536
1538
1542
1545
1547
1550
1551
1559
1563
1564
1569
1575
1583
1585
1591
1593
1594
1595
1597
1608
1610
1611
1612
1617
1619
1624
1627
1628
1629
1632
1636
1639
1640
1641
1642
1646
1647
1652
1654
1661
1664
1666
1668
1669
1672
1680
1683
1684
1687
1689
1690
1696
1700
1703
1705
1710
1713
1721
1726
1727
1729
1731
1732
1734
1739
1741
1746
1747
1749
1750
1754
1759
1761
1766
1767
1772
1774
1776
1777
1780
1786
1787
1788
1794
1802
1803
1805
1815
1819
1820
1822
1827
1831
1837
1840
1842
1849
1856
1857
1859
1866
1867
1868
1877
1880
1882
1885
1893
1895
1899
1900
1901
1903
1909
1910
1918
1923
1930
1935
1936
1938
1943
1945
1950
1952
1954
1958
1959
1962
1964
1965
1967
1973
1974
1975
1976
1981
1986
1987
1988
1991
2000
2001
2003
2011
2013
2019
2022
2025
2027
2029
2034
2040
2047
2048
2051
2057
2058
2059
2061
2072
2077
2084
2090
2094
2101
2103
2108
2114
2116
2117
2118
2122
2123
2127
2135
2140
2145
2146
2147
2149
2150
2162
2165
2167
2168
2175
2181
2183
2184
2188
2189
2194
2199
2207
2210
2211
2212
2216
2228
2231
2232
2236
2244
2250
2257
2259
2263
2270
2271
2274
2275
2276
2278
2279
2285
2289
2293
2295
2297
2303
2312
2318
2323
2329
2330
2332
2336
2341
2343
2347
2350
2351
2353
2359
2360
2364
2368
2369
2370
2373
2376
2377
2386
2388
2393
2394
2396
2397
2399
2409
2410
2411
2416
2423
2424
2428
2429
2430
2434
2438
2439
2443
2444
2446
2448
2451
2452
2453
2457
2460
2461
2464
2467
2469
2471
2473
2484
2490
2491
2493
2496
2497
2499
2505
2509
2511
2516
2517
2518
2519
2521
2525
2529
2531
2533
2546
2552
2555
2558
2561
2562
2563
2564
2566
2569
2570
2573
2574
2577
2578
2579
2584
2591
2596
2597
2603
2604
2608
2609
2615
2617
2619
2620
2622
2623
2624
2625
2626
2639
2642
2644
2660
2661
2667
2672
2673
2675
2676
2684
2685
2686
2690
2691
2693
2695
2700
2706
2714
2715
2722
2724
2726
2729
2739
2740
2742
2744
2745
2746
2747
2753
2756
2758
2767
2770
2774
2777
2780
2786
2789
2790
2798
2799
2803
2811
2819
2821
2838
2842
2844
2846
2847
2848
2850
2852
2856
2859
2861
2863
2866
2871
2872
2874
2877
2879
2885
2890
2891
2893
2896
2898
2905
2910
2911
2917
2923
2924
2925
2929
2930
2932
2934
2939
2941
2944
2945
2946
2947
2948
2949
2954
2958
2962
2963
2966
2971
2975
2976
2981
2984
2985
2990
2992
2996
2999
3002
3011
3017
3018
3025
3028
3038
3040
3041
3042
3044
3050
3057
3059
3062
3064
3065
3066
3069
3070
3072
3073
3075
3087
3094
3096
3097
3099
3103
3104
3106
3116
3118
3120
3121
3124
3125
3129
3132
3140
3141
3147
3148
3149
3154
3161
3163
3171
3172
3173
3175
3178
3179
3183
3185
3188
3192
3193
3195
3197
3198
3202
3211
3212
3215
3218
3219
3220
3232
3239
3240
3241
3243
3247
3253
3254
3257
3259
3261
3265
3266
3268
3271
3277
3279
3280
3282
3283
3287
3290
3293
3294
3297
3298
3299
3300
3307
3308
3310
3312
3317
3319
3332
3333
3341
3342
3344
3345
3349
3351
3358
3359
3360
3365
3373
3374
3379
3381
3389
3391
3392
3393
3397
3398
3401
3403
3404
3405
3409
3410
3416
3419
3420
3421
3424
3425
3430
3431
3434
3436
3439
3448
3451
3453
3456
3465
3466
3470
3471
3474
3475
3477
3480
3488
3492
3496
3497
3506
3511
3520
3522
3525
3526
3527
3528
3530
3531
3532
3536
3538
3540
3542
3543
3547
3553
3559
3570
3571
3574
3577
3584
3590
3591
3592
3594
3596
3602
3603
3604
3605
3606
3610
3616
3621
3622
3623
3627
3631
3634
3635
3638
3639
3640
3641
3645
3646
3647
3649
3650
3651
3653
3656
3657
3658
3659
3662
3668
3674
3681
3684
3688
3689
3690
3692
3693
3695
3697
3699
3705
3706
3707
3708
3710
3712
3717
3719
3721
3726
3730
3740
3742
3743
3751
3753
3754
3756
3757
3760
3762
3766
3768
3770
3774
3780
3781
3789
3796
3797
3798
3800
3804
3807
3809
3814
3815
3819
3822
3827
3832
3834
3839
3841
3853
3854
3855
3862
3865
3875
3876
3877
3878
3885
3887
3892
3898
3901
3905
3907
3908
3920
3926
3930
3934
3935
3936
3939
3940
3941
3951
3952
3954
3959
3961
3964
3966
3968
3969
3972
3973
3975
3978
3990
3994
3997
4007
4009
4010
4017
4027
4029
4031
4035
4040
4044
4049
4052
4055
4063
4064
4071
4073
4074
4075
4078
4081
4087
4089
4092
4095
4097
4098
4100
4102
4107
4108
4114
4118
4120
4124
4128
4130
4137
4138
4146
4154
4156
4157
4160
4163
4168
4173
4182
4184
4189
4192
4198
4200
4201
4202
4205
4210
4216
4217
4226
4229
4231
4232
4233
4234
4235
4236
4237
4240
4246
4248
4250
4252
4253
4255
4256
4258
4265
4269
4270
4272
4274
4275
4277
4278
4280
4281
4286
4297
4308
4309
4312
4317
4319
4324
4325
4326
4331
4338
4343
4344
4346
4347
4349
4357
4371
4375
4383
4384
4387
4390
4394
4396
4398
4401
4402
4406
4412
4415
4416
4423
4427
4428
4429
4432
4435
4437
4438
4447
4449
4452
4455
4458
4459
4463
4467
4476
4478
4479
4487
4491
4492
4495
4497
4498
4499
4505
4512
4528
4530
4537
4540
4541
4543
4551
4553
4554
4556
4559
4561
4562
4565
4567
4570
4571
4573
4575
4580
4582
4585
4586
4589
4591
4596
4597
4598
4607
4614
4616
4620
4622
4626
4627
4628
4633
4635
4639
4646
4653
4655
4657
4663
4664
4665
4668
4671
4672
4673
4674
4678
4680
4681
4684
4691
4694
4697
4700
4707
4713
4715
4721
4725
4730
4741
4742
4751
4753
4755
4762
4763
4766
4767
4771
4773
4780
4785
4800
4801
4802
4803
4804
4805
4807
4813
4816
4817
4818
4819
4821
4827
4829
4830
4834
4835
4840
4845
4847
4851
4855
4856
4861
4863
4864
4872
4878
4884
4885
4886
4887
4889
4890
4901
4904
4906
4909
4913
4914
4921
4922
4926
4927
4928
4933
4938
4942
4943
4945
4947
4950
4952
4954
4956
4957
4958
4959
4961
4970
4972
4977
4984
4985
4986
4990
4991
4993
4995
4997
4998
5004
5006
5008
5010
5011
5013
5016
5017
5021
5022
5023
5033
5036
5041
5045
5046
5047
5049
5054
5057
5061
5063
5064
5067
5070
5080
5082
5086
5088
5090
5091
5096
5100
5102
5107
5110
5120
5127
5129
5133
5138
5139
5145
5148
5160
5163
5165
5170
5181
5185
5186
5189
5193
5194
5195
5201
5204
5205
5208
5217
5224
5226
5232
5234
5235
5243
5245
5246
5249
5251
5255
5256
5259
5265
5269
5271
5275
5277
5278
5279
5283
5284
5285
5286
5290
5293
5295
5298
5299
5305
5307
5308
5318
5320
5321
5324
5334
5340
5342
5345
5349
5350
5351
5356
5364
5370
5371
5377
5378
5380
5384
5386
5390
5393
5396
5405
5407
5408
5411
5412
5413
5418
5419
5420
5433
5439
5452
5455
5459
5461
5462
5464
5467
5470
5476
5477
5478
5479
5482
5484
5485
5486
5487
5489
5490
5502
5505
5512
5513
5519
5521
5522
5524
5525
5526
5527
5528
5529
5530
5539
5541
5546
5547
5551
5556
5559
5561
5562
5567
5570
5574
5576
5578
5590
5592
5600
5605
5612
5619
5620
5621
5622
5624
5630
5632
5633
5634
5638
5640
5641
5644
5645
5647
5648
5649
5653
5654
5661
5662
5682
5685
5688
5694
5695
5697
5698
5699
5700
5705
5718
5719
5721
5722
5725
5726
5729
5732
5738
5749
5754
5755
5758
5761
5763
5770
5774
5776
5778
5782
5783
5785
5788
5790
5792
5793
5795
5797
5799
5801
5802
5804
5823
5824
5828
5832
5835
5837
5839
5841
5842
5850
5854
5855
5858
5859
5862
5863
5864
5867
5868
5871
5873
5874
5879
5882
5883
5886
5888
5889
5891
5892
5896
5897
5898
5901
5902
5904
5905
5906
5907
5912
5914
5916
5919
5921
5928
5929
5930
5934
5940
5941
5943
5945
5947
5951
5952
5954
5958
5960
5965
5972
5974
5975
5978
5980
5981
5983
5988
5990
5991
5993
5994
5997
6000
6001
6004
6010
6016
6018
6019
6023
6024
6025
6026
6031
6034
6036
6043
6045
6047
6048
6053
6054
6059
6064
6070
6074
6076
6079
6083
6084
6090
6091
6095
6097
6098
6108
6109
6114
6123
6124
6126
6128
6129
6132
6133
6135
6145
6148
6155
6156
6165
6166
6170
6175
6177
6179
6181
6182
6186
6189
6203
6205
6216
6217
6219
6221
6229
6233
6235
6237
6240
6241
6243
6252
6254
6255
6262
6263
6264
6265
6268
6272
6274
6281
6282
6283
6284
6294
6295
6297
6299
6303
6304
6306
6307
6308
6328
6332
6334
6336
6337
6339
6341
6348
6355
6357
6358
6361
6363
6364
6365
6367
6368
6369
6376
6377
6379
6387
6390
6392
6394
6396
6398
6402
6403
6408
6411
6414
6415
6420
6427
6429
6433
6436
6438
6442
6446
6452
6455
6457
6458
6465
6467
6468
6471
6474
6475
6476
6477
6479
6480
6485
6493
6497
6499
6500
6503
6504
6505
6509
6511
6513
6515
6522
6523
6527
6537
6539
6542
6543
6547
6558
6563
6568
6572
6574
6579
6584
6586
6588
6592
6597
6598
6607
6612
6619
6620
6622
6623
6624
6628
6629
6638
6641
6642
6649
6651
6655
6663
6665
6667
6676
6680
6682
6683
6684
6685
6686
6687
6690
6695
6702
6706
6707
6708
6712
6716
6723
6728
6737
6738
6740
6741
6744
6755
6756
6758
6764
6766
6767
6775
6776
6782
6785
6787
6788
6790
6792
6794
6796
6799
6803
6804
6806
6807
6810
6811
6812
6818
6832
6833
6839
6840
6847
6855
6856
6857
6859
6860
6865
6870
6875
6876
6878
6883
6895
6898
6899
6904
6918
6920
6921
6923
6928
6930
6933
6935
6940
6943
6947
6949
6962
6964
6966
6968
6969
6970
6976
6983
6986
6988
6991
6993
6998
7000
7005
7012
7021
7023
7026
7027
7028
7033
7035
7036
7044
7046
7049
7054
7057
7058
7068
7069
7070
7071
7075
7076
7077
7078
7084
7086
7090
7091
7092
7093
7094
7105
7111
7117
7120
7124
7128
7131
7132
7133
7134
7138
7141
7142
7144
7146
7151
7156
7158
7167
7168
7169
7170
7171
7179
7180
7181
7183
7186
7188
7190
7192
7196
7197
7198
7200
7207
7209
7210
7220
7226
7231
7235
7236
7237
7244
7247
7260
7263
7264
7269
7272
7273
7276
7277
7291
7295
7301
7302
7305
7308
7309
7311
7314
7315
7317
7333
7341
7348
7349
7352
7356
7360
7361
7366
7367
7370
7371
7374
7377
7383
7396
7397
7403
7415
7417
7418
7421
7423
7424
7426
7427
7429
7430
7433
7435
7436
7437
7438
7444
7449
7453
7456
7457
7463
7467
7469
7473
7477
7486
7490
7492
7493
7495
7510
7511
7518
7520
7521
7523
7524
7527
7533
7536
7540
7546
7548
7551
7565
7567
7570
7572
7575
7581
7584
7587
7590
7591
7592
7594
7604
7606
7609
7610
7612
7615
7616
7618
7619
7621
7623
7626
7629
7631
7637
7639
7645
7652
7656
7661
7662
7663
7664
7665
7667
7668
7672
7674
7675
7680
7683
7687
7690
7693
7694
7698
7700
7717
7718
7724
7725
7728
7730
7733
7739
7742
7746
7756
7758
7762
7763
7765
7771
7777
7784
7785
7787
7791
7797
7799
7803
7807
7809
7814
7818
7826
7833
7838
7839
7845
7849
7850
7853
7858
7859
7860
7862
7863
7870
7874
7876
7877
7884
7888
7889
7891
7895
7896
7897
7898
7900
7901
7902
7903
7907
7912
7913
7917
7918
7920
7921
7924
7926
7937
7939
7940
7943
7947
7951
7952
7953
7955
7961
7964
7973
7979
7985
7986
7993
7994
7998
7999
8002
8003
8004
8013
8021
8022
8023
8031
8049
8054
8063
8064
8066
8071
8073
8074
8077
8081
8082
8087
8089
8090
8095
8097
8098
8100
8101
8104
8105
8108
8117
8125
8135
8138
8140
8142
8144
8147
8148
8149
8152
8157
8158
8169
8170
8171
8173
8180
8187
8189
8191
8195
8196
8201
8202
8204
8213
8216
8217
8224
8228
8234
8236
8238
8241
8242
8248
8250
8254
8260
8264
8278
8281
8284
8290
8291
8293
8298
8300
8312
8319
8320
8323
8328
8329
8334
8341
8344
8352
8353
8355
8365
8375
8381
8382
8386
8388
8389
8391
8392
8398
8399
8412
8421
8422
8423
8426
8427
8429
8431
8436
8439
8441
8450
8453
8458
8462
8463
8464
8467
8469
8472
8474
8476
8477
8482
8484
8486
8497
8499
8514
8516
8520
8529
8531
8534
8539
8541
8542
8543
8546
8554
8561
8563
8567
8568
8570
8571
8572
8573
8576
8579
8585
8586
8588
8589
8590
8594
8595
8599
8600
8601
8604
8605
8609
8612
8617
8623
8627
8628
8630
8631
8635
8642
8646
8648
8649
8651
8653
8654
8663
8664
8668
8673
8676
8680
8683
8684
8692
8693
8696
8698
8699
8700
8701
8703
8705
8707
8708
8710
8718
8720
8721
8727
8729
8736
8746
8749
8750
8753
8756
8758
8760
8765
8771
8774
8779
8785
8787
8796
8800
8806
8809
8810
8819
8821
8822
8824
8829
8838
8839
8849
8855
8857
8859
8863
8876
8881
8882
8884
8885
8887
8890
8897
8898
8909
8913
8916
8921
8922
8931
8932
8937
8942
8952
8959
8962
8965
8968
8969
8970
8972
8975
8986
8994
8997
8998
8999
9000
9002
9008
9015
9016
9026
9027
9038
9041
9042
9043
9052
9054
9055
9067
9068
9069
9074
9078
9079
9084
9085
9088
9089
9094
9099
9101
9103
9107
9108
9111
9116
9118
9120
9122
9130
9132
9142
9145
9148
9149
9153
9159
9161
9162
9167
9168
9169
9172
9173
9175
9178
9179
9180
9187
9188
9189
9194
9199
9205
9206
9208
9209
9210
9211
9213
9215
9216
9219
9222
9238
9240
9242
9243
9246
9251
9253
9254
9256
9257
9263
9265
9279
9283
9291
9293
9300
9301
9302
9303
9306
9307
9309
9311
9315
9318
9319
9323
9326
9328
9331
9336
9337
9340
9341
9351
9354
9357
9359
9370
9371
9372
9374
9377
9388
9392
9396
9401
9402
9403
9406
9407
9408
9417
9422
9425
9426
9427
9430
9431
9436
9437
9439
9440
9442
9445
9449
9458
9459
9464
9465
9468
9469
9470
9474
9475
9478
9491
9499
9501
9514
9520
9525
9526
9531
9534
9541
9542
9553
9555
9562
9565
9566
9568
9572
9573
9574
9582
9585
9587
9589
9592
9596
9598
9602
9603
9605
9607
9612
9615
9616
9617
9623
9626
9627
9632
9633
9635
9640
9651
9653
9654
9678
9679
9680
9685
9689
9692
9694
9695
9697
9701
9702
9704
9707
9708
9709
9710
9711
9712
9713
9725
9728
9729
9732
9735
9739
9743
9756
9758
9759
9761
9765
9767
9768
9772
9774
9776
9779
9782
9783
9786
9788
9792
9798
9800
9803
9804
9806
9814
9816
9819
9820
9821
9823
9824
9831
9832
9833
9834
9835
9836
9839
9842
9844
9846
9847
9848
9853
9859
9865
9866
9875
9885
9890
9891
9896
9899
9901
9904
9906
9907
9912
9913
9915
9922
9925
9926
9930
9936
9939
9945
9946
9947
9949
9953
9956
9962
9964
9976
9980
9983
9985
9989
9992
9994
9997
9999
10004
10010
10014
10023
10025
10026
10028
10033
10037
10039
10040
10045
10048
10058
10059
10066
10069
10071
10104
10106
10109
10114
10118
10121
10122
10124
10128
10129
10130
10131
10133
10134
10142
10143
10146
10147
10152
10155
10160
10163
10166
10180
10184
10186
10187
10192
10193
10194
10201
10204
10205
10210
10212
10214
10215
10218
10222
10231
10233
10234
10238
10241
10242
10244
10245
10247
10264
10279
10281
10288
10291
10292
10295
10297
10300
10302
10307
10313
10317
10321
10323
10325
10326
10330
10334
10336
10337
10343
10346
10347
10349
10358
10363
10368
10373
10385
10387
10389
10392
10393
10397
10402
10405
10407
10408
10409
10410
10411
10415
10418
10419
10422
10424
10425
10428
10429
10430
10431
10432
10445
10447
10450
10453
10456
10468
10469
10480
10483
10484
10490
10491
10493
10497
10498
10508
10511
10514
10516
10518
10521
10523
10525
10530
10533
10536
10539
10541
10542
10545
10550
10551
10552
10558
10559
10566
10567
10568
10577
10578
10585
10589
10595
10597
10605
10610
10611
10617
10620
10623
10635
10636
10644
10645
10649
10651
10655
10660
10664
10670
10672
10673
10680
10681
10684
10691
10695
10696
10698
10699
10702
10704
10705
10706
10711
10712
10715
10718
10720
10726
10728
10733
10735
10737
10739
10740
10744
10747
10749
10750
10751
10754
10755
10756
10757
10759
10771
10772
10774
10776
10781
10784
10786
10788
10800
10809
10810
10813
10817
10818
10819
10826
10829
10841
10843
10848
10857
10859
10870
10871
10873
10877
10881
10884
10887
10894
10895
10898
10899
10906
10920
10923
10924
10925
10926
10927
10929
10931
10934
10937
10939
10942
10943
10958
10959
10963
10965
10967
10969
10970
10973
10981
10982
10987
10989
10991
11001
11007
11008
11016
11019
11020
11022
11024
11031
11034
11035
11037
11038
11040
11041
11044
11045
11047
11056
11058
11064
11071
11072
11081
11082
11083
11086
11090
11092
11097
11102
11105
11110
11111
11120
11122
11123
11124
11129
11130
11132
11136
11139
11141
11142
11143
11144
11153
11154
11156
11157
11158
11160
11168
11169
11178
11183
11185
11187
11188
11189
11194
11195
11196
11198
11200
11202
11205
11207
11211
11222
11228
11236
11240
11246
11248
11249
11260
11262
11270
11271
11274
11276
11281
11283
11285
11286
11287
11288
11289
11291
11292
11297
11303
11306
11307
11312
11314
11317
11319
11327
11328
11330
11332
11334
11337
11338
11340
11345
11349
11352
11360
11362
11369
11370
11372
11386
11390
11391
11392
11393
11394
11395
11396
11405
11408
11409
11410
11411
11413
11420
11422
11424
11426
11429
11431
11441
11447
11450
11453
11454
11455
11461
11468
11473
11474
11478
11481
11488
11490
11493
11494
11496
11500
11501
11506
11511
11512
11518
11521
11524
11528
11535
11537
11538
11541
11542
11544
11548
11551
11556
11557
11559
11570
11573
11577
11578
11584
11590
11599
11601
11602
11608
11609
11615
11618
11621
11625
11628
11633
11635
11644
11648
11651
11657
11659
11662
11665
11667
11669
11670
11671
11673
11676
11679
11681
11688
11695
11696
11697
11702
11703
11704
11710
11715
11716
11717
11718
11720
11721
11723
11727
11728
11729
11734
11735
11739
11740
11741
11745
11747
11749
11753
11755
11760
11765
11766
11773
11775
11779
11780
11781
11787
11788
11793
11800
11808
11809
11810
11816
11819
11822
11823
11827
11829
11830
11836
11837
11838
11839
11842
11844
11856
11864
11865
11870
11874
11876
11887
11895
11899
11900
11901
11907
11909
11913
11918
11919
11920
11923
11924
11929
11931
11932
11936
11939
11944
11945
11949
11954
11956
11966
11967
11968
11969
11974
11978
11981
11984
11985
11991
12004
12009
12010
12011
12013
12015
12018
12024
12025
12036
12041
12042
12049
12052
12054
12055
12056
12061
12062
12063
12064
12067
12071
12072
12073
12074
12075
12076
12081
12082
12084
12085
12086
12096
12097
12100
12101
12102
12104
12106
12116
12123
12127
12129
12132
12133
12137
12138
12145
12146
12148
12151
12154
12161
12163
12165
12168
12169
12171
12173
12174
12177
12181
12183
12185
12190
12194
12202
12205
12209
12214
12215
12216
12219
12226
12230
12238
12239
12243
12245
12246
12247
12249
12251
12252
12263
12269
12271
12272
12276
12280
12286
12288
12290
12291
12292
12294
12300
12302
12310
12311
12315
12316
12318
12321
12322
12324
12326
12328
12329
12333
12339
12342
12343
12344
12349
12353
12355
12357
12358
12360
12361
12363
12366
12373
12375
12378
12381
12382
12388
12392
12393
12398
12399
12406
12407
12408
12416
12417
12424
12425
12432
12434
12435
12440
12447
12452
12453
12454
12457
12458
12465
12468
12476
12477
12487
12489
12491
12493
12494
12496
12498
12499
12505
12512
12527
12528
12531
12533
12539
12548
12549
12550
12554
12555
12559
12562
12563
12572
12578
12579
12582
12585
12587
12598
12600
12602
12604
12608
12609
12612
12622
12630
12632
12637
12642
12647
12650
12652
12656
12657
12659
12665
12668
12671
12672
12676
12678
12679
12680
12681
12688
12693
12700
12704
12707
12709
12712
12715
12728
12730
12731
12732
12733
12735
12736
12743
12745
12746
12747
12748
12749
12761
12763
12765
12767
12770
12781
12788
12792
12793
12794
12795
12796
12799
12800
12802
12807
12808
12809
12810
12811
12812
12813
12815
12818
12825
12827
12830
12836
12845
12854
12856
12860
12863
12865
12867
12869
12870
12875
12876
12878
12883
12891
12895
12896
12901
12907
12909
12911
12921
12928
12930
12931
12937
12942
12943
12944
12945
12947
12948
12949
12955
12957
12960
12965
12967
12968
12969
12970
12972
12976
12979
12984
12991
12992
12993
12994
12998
13004
13011
13012
13015
13022
13024
13030
13031
13036
13037
13043
13044
13047
13048
13052
13055
13061
13065
13074
13084
13093
13094
13096
13104
13105
13110
13113
13117
13120
13121
13124
13130
13141
13154
13156
13161
13165
13168
13169
13170
13171
13189
13193
13194
13195
13198
13200
13202
13207
13208
13211
13216
13217
13223
13224
13225
13228
13230
13237
13238
13246
13247
13250
13266
13267
13269
13271
13273
13276
13279
13284
13286
13288
13289
13294
13295
13297
13303
13308
13309
13312
13313
13318
13329
13330
13332
13335
13341
13342
13344
13345
13346
13349
13353
13357
13367
13368
13371
13377
13380
13383
13386
13388
13389
13390
13391
13398
13406
13407
13409
13410
13411
13412
13416
13424
13434
13437
13439
13442
13450
13451
13452
13457
13466
13483
13489
13494
13495
13498
13501
13503
13509
13511
13514
13515
13517
13518
13519
13522
13523
13525
13527
13539
13541
13542
13543
13548
13557
13558
13559
13560
13563
13569
13572
13574
13581
13587
13590
13591
13592
13594
13596
13598
13600
13612
13618
13619
13620
13625
13626
13627
13634
13637
13638
13646
13647
13650
13654
13656
13665
13669
13675
13676
13683
13686
13689
13691
13693
13697
13704
13706
13707
13714
13720
13721
13723
13724
13725
13727
13733
13734
13739
13743
13744
13750
13752
13754
13755
13762
13764
13766
13768
13771
13774
13776
13786
13787
13790
13791
13792
13800
13801
13802
13803
13806
13808
13812
13813
13816
13818
13819
13837
13841
13843
13847
13848
13849
13850
13855
13865
13870
13871
13875
13879
13880
13885
13886
13888
13892
13900
13903
13906
13907
13909
13910
13911
13913
13918
13920
13921
13929
13930
13935
13938
13944
13945
13950
13951
13952
13955
13963
13969
13971
13972
13977
13983
13984
13988
13994
13999
14001
14008
14011
14012
14013
14015
14016
14020
14021
14022
14028
14032
14034
14036
14042
14044
14054
14058
14060
14063
14064
14066
14067
14068
14073
14075
14077
14078
14091
14092
14093
14094
14099
14115
14122
14125
14126
14134
14140
14147
14148
14151
14158
14159
14161
14162
14163
14175
14176
14180
14182
14187
14189
14191
14195
14205
14210
14213
14214
14220
14222
14229
14234
14237
14238
14242
14248
14251
14252
14253
14254
14258
14262
14268
14272
14273
14275
14276
14281
14284
14288
14296
14302
14303
14309
14312
14315
14316
14317
14319
14328
14329
14332
14335
14337
14339
14341
14345
14358
14359
14361
14362
14369
14371
14373
14374
14375
14377
14378
14379
14383
14387
14398
14407
14410
14411
14412
14418
14422
14425
14426
14431
14434
14440
14443
14452
14455
14456
14457
14461
14464
14465
14467
14471
14473
14479
14487
14492
14496
14499
14504
14508
14512
14514
14516
14527
14533
14535
14539
14541
14545
14563
14567
14569
14572
14574
14575
14578
14585
14586
14590
14591
14592
14593
14595
14596
14597
14605
14611
14612
14614
14615
14618
14619
14621
14625
14627
14628
14630
14631
14632
14633
14634
14639
14641
14645
14646
14647
14650
14653
14663
14664
14665
14666
14667
14669
14670
14671
14677
14678
14683
14684
14685
14686
14698
14704
14720
14730
14731
14734
14735
14741
14745
14748
14754
14755
14758
14760
14767
14770
14780
14784
14789
14792
14793
14795
14797
14800
14804
14807
14810
14811
14813
14818
14820
14821
14823
14824
14826
14828
14829
14837
14838
14844
14845
14846
14849
14850
14851
14852
14856
14858
14859
14863
14865
14867
14870
14878
14879
14881
14892
14896
14897
14899
14901
14914
14915
14917
14920
14927
14931
14933
14934
14942
14951
14960
14962
14967
14974
14975
14976
14977
14981
14983
14986
14988
14989
14990
14991
14996
14998
15002
15005
15010
15020
15022
15023
15025
15031
15032
15033
15034
15039
15043
15044
15049
15050
15053
15057
15058
15059
15061
15063
15065
15071
15073
15074
15081
15090
15092
15096
15101
15103
15107
15111
15112
15116
15118
15119
15122
15125
15126
15136
15140
15141
15144
15146
15147
15149
15150
15152
15159
15163
15165
15168
15169
15174
15175
15181
15182
15184
15186
15191
15194
15204
15208
15215
15216
15217
15218
15219
15229
15231
15234
15237
15243
15244
15248
15250
15254
15263
15264
15271
15274
15278
15280
15283
15287
15291
15295
15299
15315
15316
15319
15322
15323
15325
15326
15328
15330
15332
15333
15335
15336
15338
15341
15345
15349
15351
15360
15366
15372
15373
15377
15379
15386
15387
15389
15390
15393
15394
15397
15404
15407
15408
15410
15416
15417
15420
15428
15429
15433
15437
15439
15442
15444
15445
15450
15457
15459
15460
15461
15463
15464
15467
15469
15472
15474
15476
15489
15496
15498
15500
15501
15503
15509
15510
15511
15513
15515
15520
15522
15524
15525
15526
15527
15530
15534
15535
15537
15548
15556
15557
15559
15560
15564
15568
15571
15573
15574
15580
15582
15585
15586
15587
15588
15590
15593
15599
15601
15606
15617
15618
15624
15625
15630
15632
15633
15636
15643
15645
15649
15650
15651
15654
15656
15663
15666
15668
15669
15671
15672
15673
15675
15679
15680
15682
15683
15688
15690
15691
15692
15697
15698
15704
15714
15715
15716
15719
15721
15722
15727
15728
15729
15733
15734
15737
15743
15745
15748
15753
15754
15755
15761
15763
15769
15773
15774
15777
15787
15789
15791
15797
15799
15802
15804
15806
15807
15809
15810
15812
15813
15817
15819
15820
15831
15834
15835
15844
15845
15846
15849
15858
15860
15863
15866
15867
15870
15872
15875
15876
15888
15890
15896
15898
15907
15908
15909
15911
15912
15914
15917
15918
15920
15927
15928
15930
15933
15940
15943
15947
15948
15968
15973
15975
15976
15977
15982
15986
15987
15991
15992
15995
15996
15997
15998
16006
16009
16012
16013
16018
16020
16022
16023
16031
16034
16036
16037
16041
16043
16049
16052
16053
16058
16060
16063
16070
16077
16081
16083
16084
16085
16099
16102
16103
16104
16105
16108
16112
16117
16122
16123
16124
16125
16128
16132
16133
16135
16140
16144
16145
16147
16155
16159
16160
16163
16167
16172
16176
16183
16184
16185
16186
16190
16197
16198
16201
16208
16210
16211
16213
16214
16215
16218
16220
16221
16223
16224
16225
16227
16237
16238
16239
16241
16243
16248
16249
16251
16253
16257
16258
16259
16266
16270
16272
16274
16276
16277
16279
16280
16287
16297
16305
16306
16324
16328
16338
16344
16346
16349
16351
16352
16353
16354
16356
16364
16369
16377
16380
16383
16389
16390
16391
16393
16396
16403
16405
16406
16409
16410
16414
16416
16420
16422
16423
16425
16433
16434
16435
16437
16444
16449
16450
16453
16456
16468
16474
16485
16487
16490
16493
16496
16501
16503
16506
16513
16514
16515
16516
16517
16519
16523
16527
16528
16529
16532
16534
16535
16541
16542
16543
16545
16546
16548
16550
16552
16558
16559
16560
16562
16565
16571
16574
16575
16576
16577
16580
16582
16586
16588
16589
16590
16593
16595
16596
16614
16620
16621
16623
16624
16626
16633
16635
16639
16642
16649
16650
16651
16652
16661
16668
16674
16680
16689
16697
16701
16704
16706
16708
16711
16715
16717
16724
16725
16727
16729
16730
16733
16736
16739
16741
16742
16745
16746
16748
16751
16759
16760
16763
16766
16771
16772
16774
16776
16777
16779
16783
16786
16788
16790
16794
16800
16802
16805
16806
16808
16815
16816
16818
16821
16826
16830
16834
16838
16839
16847
16848
16851
16854
16855
16858
16864
16865
16866
16871
16876
16884
16885
16892
16893
16895
16898
16899
16901
16912
16914
16915
16918
16926
16928
16931
16934
16939
16940
16944
16951
16956
16962
16965
16971
16974
16975
16976
16977
16985
16989
16994
16998
17005
17006
17007
17008
17009
17011
17012
17014
17016
17024
17027
17029
17031
17032
17036
17041
17047
17050
17054
17055
17056
17058
17061
17065
17067
17068
17070
17075
17077
17080
17085
17089
17095
17099
17100
17112
17115
17122
17131
17133
17135
17136
17137
17138
17142
17145
17146
17148
17150
17152
17156
17157
17159
17160
17167
17168
17173
17181
17184
17196
17197
17200
17204
17213
17215
17223
17226
17227
17230
17236
17237
17243
17247
17250
17259
17262
17266
17267
17268
17270
17271
17272
17274
17276
17278
17285
17286
17287
17289
17290
17291
17293
17294
17296
17301
17312
17315
17316
17328
17331
17333
17336
17339
17340
17342
17346
17348
17353
17359
17361
17363
17366
17369
17376
17385
17387
17390
17393
17399
17400
17403
17404
17405
17408
17413
17414
17416
17418
17420
17421
17424
17435
17437
17442
17443
17444
17447
17448
17454
17459
17461
17465
17467
17468
17469
17471
17472
17479
17480
17481
17490
17491
17494
17499
17510
17513
17514
17519
17521
17529
17530
17531
17532
17533
17540
17543
17553
17559
17560
17563
17573
17575
17576
17581
17582
17583
17589
17592
17595
17598
17599
17602
17605
17606
17625
17626
17629
17630
17631
17632
17633
17634
17636
17644
17645
17648
17650
17655
17660
17663
17665
17671
17678
17682
17687
17694
17696
17701
17704
17715
17717
17723
17726
17731
17733
17738
17740
17744
17746
17747
17755
17756
17757
17758
17759
17763
17765
17768
17776
17779
17783
17791
17792
17793
17797
17799
17800
17801
17803
17804
17808
17814
17817
17819
17825
17831
17833
17836
17837
17839
17847
17849
17856
17858
17865
17868
17875
17877
17878
17887
17888
17889
17895
17896
17898
17899
17900
17902
17904
17906
17908
17909
17914
17925
17929
17931
17932
17934
17936
17937
17939
17940
17945
17946
17950
17951
17953
17954
17958
17959
17960
17962
17968
17973
17976
17980
17985
17998
18004
18010
18011
18012
18015
18018
18019
18023
18024
18025
18028
18032
18033
18035
18038
18046
18047
18051
18052
18055
18056
18057
18058
18059
18060
18062
18064
18068
18075
18076
18080
18081
18083
18085
18088
18092
18093
18097
18103
18110
18117
18118
18120
18124
18125
18128
18131
18143
18145
18148
18153
18159
18161
18162
18164
18166
18168
18184
18186
18195
18199
18200
18201
18203
18204
18207
18211
18213
18215
18224
18227
18234
18238
18243
18244
18248
18252
18263
18266
18270
18273
18275
18277
18281
18289
18290
18293
18298
18304
18306
18311
18312
18321
18322
18323
18326
18327
18329
18331
18332
18335
18340
18341
18345
18346
18347
18355
18356
18359
18364
18368
18372
18373
18375
18376
18377
18382
18390
18394
18401
18403
18414
18418
18419
18421
18422
18423
18424
18430
18431
18433
18434
18441
18446
18448
18458
18459
18462
18470
18472
18473
18474
18477
18497
18499
18505
18507
18510
18515
18527
18541
18542
18546
18548
18549
18550
18551
18558
18567
18569
18570
18574
18576
18577
18580
18583
18586
18587
18592
18595
18596
18600
18601
18602
18603
18606
18607
18614
18615
18617
18619
18622
18624
18629
18630
18642
18644
18646
18647
18648
18650
18651
18656
18657
18658
18659
18662
18664
18665
18672
18674
18675
18678
18680
18683
18685
18689
18690
18693
18695
18698
18704
18706
18707
18708
18712
18714
18721
18726
18730
18736
18742
18743
18746
18747
18748
18749
18752
18756
18758
18760
18770
18771
18772
18780
18782
18783
18788
18789
18790
18792
18793
18795
18797
18800
18802
18807
18812
18815
18818
18822
18826
18829
18834
18835
18839
18840
18844
18846
18856
18859
18862
18865
18867
18868
18870
18872
18874
18878
18881
18882
18883
18890
18895
18897
18899
18900
18904
18905
18906
18907
18912
18923
18926
18927
18930
18933
18934
18938
18943
18947
18948
18950
18951
18953
18954
18955
18958
18959
18964
18974
18978
18979
18981
18982
18985
18986
18988
18991
18992
18994
18997
19000
19007
19010
19011
19012
19015
19016
19020
19021
19023
19024
19029
19036
19040
19042
19043
19047
19051
19065
19072
19073
19074
19075
19080
19082
19097
19099
19109
19112
19113
19115
19127
19138
19144
19149
19152
19154
19159
19163
19166
19171
19177
19178
19181
19201
19209
19214
19223
19226
19229
19234
19241
19253
19254
19257
19261
19262
19263
19266
19273
19276
19288
19290
19297
19303
19317
19318
19320
19325
19327
19334
19341
19347
19348
19355
19361
19363
19365
19369
19370
19374
19378
19386
19389
19416
19423
19424
19427
19429
19439
19443
19450
19452
19453
19454
19456
19458
19461
19466
19479
19480
19481
19483
19485
19500
19504
19512
19516
19529
19532
19535
19545
19551
19558
19561
19580
19587
19620
19622
19628
19629
19632
19644
19648
19658
19665
19680
19695
19720
19722
19727
19736
19740
19752
19758
19759
19760
19771
19775
19779
19780
19788
19790
19820
19823
19829
19832
19834
19839
19846
19862
19868
19869
19877
19883
19884
19893
19902
19913
19921
19924
19925
19926
19957
19966
19974
19983
19984
19985
19988
20009
20019
20024
20028
20035
20036
20038
20053
20054
20071
20085
20089
20099
20114
20115
20130
20133
20158
20159
20160
20173
20193
20201
20209
20211
20221
20223
20241
20263
20266
20273
20275
20279
20285
20293
20296
20298
20309
20316
20317
20323
20325
20330
20339
20345
20346
20347
20353
20354
20360
20362
20367
20371
20375
20379
20395
20396
20398
20407
20416
20421
20432
20436
20439
20447
20455
20459
20461
20473
20475
20481
20487
20488
20490
20491
20508
20531
20547
20548
20556
20564
20571
20577
20579
20582
20594
20597
20610
20616
20618
20628
20629
20634
20636
20643
20644
20645
20653
20658
20662
20683
20684
20698
20703
20714
20716
20717
20719
20722
20727
20730
20733
20739
20743
20746
20749
20754
20759
20765
20769
20782
20796
20803
20810
20821
20822
20827
20831
20837
20839
20840
20847
20852
20854
20857
20862
20864
20865
20867
20870
20914
20925
20933
20935
20936
20953
20961
20965
20966
20972
20980
20987
21002
21003
21006
21009
21012
21016
21022
21024
21026
21052
21061
21067
21085
21087
21097
21115
21118
21122
21126
21131
21138
21145
21152
21158
21163
21176
21186
21191
21192
21210
21218
21225
21226
21232
21241
21245
21248
21250
21251
21253
21255
21257
21259
21266
21267
21268
21280
21286
21290
21310
21325
21328
21329
21339
21340
21352
21356
21364
21365
21373
21377
21382
21384
21390
21393
21395
21403
21404
21406
21414
21417
21418
21428
21431
21441
21442
21447
21464
21470
21472
21476
21498
21499
21506
21519
21528
21541
21562
21566
21571
21574
21584
21592
21596
21609
21612
21615
21626
21628
21637
21655
21656
21672
21674
21679
21681
21682
21687
21690
21692
21702
21711
21712
21714
21716
21724
21725
21741
21747
21749
21751
21752
21762
21775
21776
21779
21784
21785
21789
21793
21797
21817
21821
21860
21861
21866
21874
21880
21887
21892
21908
21921
21931
21933
21934
21935
21936
21948
21953
21956
21959
21961
21963
21966
21969
21971
21972
21979
21997
22007
22008
22009
22012
22013
22022
22029
22031
22038
22054
22056
22058
22059
22062
22064
22067
22070
22072
22090
22099
22102
22107
22111
22112
22116
22137
22138
22148
22150
22158
22162
22170
22172
22173
22178
22184
22200
22202
22205
22212
22225
22233
22256
22257
22260
22261
22262
22273
22274
22280
22282
22284
22287
22290
22302
22305
22319
22322
22329
22343
22347
22371
22372
22377
22389
22390
22398
22409
22415
22423
22432
22440
22455
22457
22458
22459
22465
22467
22468
22469
22471
22474
22478
22483
22495
22506
22520
22525
22528
22533
22537
22547
22548
22551
22561
22564
22566
22567
22568
22570
22578
22583
22584
22594
22600
22619
22625
22627
22632
22641
22646
22653
22656
22657
22665
22684
22687
22697
22713
22723
22724
22733
22742
22750
22751
22757
22758
22759
22763
22764
22769
22772
22778
22782
22788
22790
22794
22800
22802
22815
22819
22820
22821
22835
22837
22843
22846
22852
22854
22865
22879
22895
22904
22908
22913
22920
22922
22925
22933
22935
22937
22948
22952
22955
22956
22966
22970
22982
22986
22993
22994
22996
22998
22999
23006
23010
23012
23018
23021
23024
23027
23034
23043
23050
23063
23071
23072
23088
23090
23094
23098
23109
23112
23119
23124
23125
23129
23138
23141
23143
23147
23151
23152
23153
23171
23174
23178
23179
23183
23195
23200
23206
23221
23223
23225
23232
23240
23242
23247
23250
23276
23280
23281
23284
23286
23287
23304
23309
23317
23319
23324
23330
23346
23354
23360
23366
23367
23376
23385
23391
23397
23400
23415
23421
23425
23428
23435
23436
23440
23452
23453
23472
23474
23486
23487
23488
23491
23493
23495
23510
23515
23517
23521
23522
23525
23530
23551
23552
23570
23577
23582
23583
23609
23620
23622
23673
23676
23677
23680
23681
23694
23696
23703
23704
23712
23720
23730
23737
23743
23766
23773
23777
23786
23796
23797
23802
23816
23822
23824
23832
23834
23837
23847
23850
23858
23859
23872
23886
23906
23907
23914
23924
23932
23933
23960
23970
23980
23995
24015
24020
24022
24023
24032
24033
24039
24042
24045
24057
24065
24068
24084
24088
24090
24096
24097
24098
24103
24107
24111
24121
24131
24136
24139
24142
24153
24166
24176
24179
24181
24184
24185
24187
24189
24205
24206
24238
24250
24252
24261
24282
24287
24288
24292
24294
24316
24317
24327
24331
24338
24350
24351
24359
24368
24374
24387
24393
24400
24410
24413
24414
24424
24429
24441
24451
24454
24460
24475
24479
24493
24497
24498
24499
24508
24509
24527
24534
24537
24538
24542
24545
24566
24567
24571
24577
24581
24584
24605
24609
24616
24621
24636
24641
24645
24649
24650
24654
24672
24675
24687
24689
24698
24702
24707
24720
24722
24737
24738
24747
24754
24756
24772
24775
24781
24788
24790
24799
24802
24808
24821
24824
24827
24848
24850
24853
24875
24885
24892
24893
24894
24902
24907
24913
24915
24918
24919
24920
24927
24928
24938
24967
24987
25002
25016
25028
25033
25035
25044
25046
25050
25097
25102
25110
25116
25134
25147
25154
25160
25180
25192
25197
25199
25215
25217
25222
25235
25252
25268
25277
25278
25326
25330
25342
25345
25351
25358
25363
25385
25400
25409
25418
25419
25422
25425
25437
25439
25461
25463
25472
25473
25484
25492
25531
25557
25559
25568
25581
25600
25628
25645
25648
25650
25661
25663
25664
25667
25688
25697
25767
25773
25776
25802
25811
25835
25839
25844
25874
25885
25915
25920
25941
25955
25961
25966
25973
26000
26012
26014
26053
26058
26059
26083
26092
26099
26114
26141
26145
26167
26172
26201
26223
26235
26242
26250
26253
26265
26272
26285
26286
26300
26349
26374
26384
26388
26410
26430
26445
26448
26482
26484
26485
26517
26524
26530
26539
26544
26557
26563
26566
26596
26597
26604
26605
26614
26618
26640
26649
26668
26670
26671
26711
26715
26756
26767
26818
26819
26822
26833
26856
26873
26890
26905
26910
26940
26953
26964
26966
26984
27010
27063
27065
27092
27093
27142
27144
27155
27159
27177
27190
27198
27200
27207
27227
27235
27238
27251
27261
27273
27284
27289
27303
27306
27335
27338
27362
27390
27394
27408
27429
27450
27469
27475
27480
27481
27495
27528
27533
27553
27557
27564
27571
27574
27615
27645
27646
27682
27691
27703
27714
27728
27758
27778
27830
27859
27887
27904
27917
27938
27944
27952
27957
27967
28006
28009
28011
28062
28102
28143
28144
28232
28269
28271
28308
28310
28384
28394
28441
28496
28521
28557
28580
28685
28688
28699
28823
28830
28850
28882
28883
28921
28997
29005
29090
29092
29096
29101
29112
29231
29270
29305
29367
29376
29408
29478
29485
29521
29610
29662
29705
29712
29737
29787
29971
30039
30082
30164
30186
30204
30221
30247
30278
30312
30372
30382
30489
30500
30612
30694
30707
30739
31011
31058
31095
31174
31183
31261
31267
31330
31502
31567
31597
31891
31949
32709
32844
32908
33028
33049
33306
33348
33350
33422
34017
34064
34163
34193
34226
34871
35660
35817
35974
36037
36564
