7
8
16
21
23
24
47
53
58
59
64
68
77
78
79
85
87
93
96
108
117
122
124
127
128
131
135
155
158
163
168
174
175
178
180
182
183
184
187
191
197
199
203
205
215
219
226
228
232
249
252
266
267
273
292
298
302
304
308
311
318
319
320
325
331
336
337
345
347
357
359
369
378
385
392
394
396
400
410
419
424
426
429
438
448
452
454
455
466
467
475
483
488
492
493
496
499
503
506
511
513
518
526
528
530
533
534
545
546
551
553
556
559
567
569
578
586
590
591
592
596
599
613
614
617
619
622
623
624
627
631
634
635
639
642
645
649
654
656
658
660
663
674
678
683
700
704
705
706
707
711
713
719
720
726
730
736
741
749
754
755
766
775
785
796
798
800
803
812
817
819
825
829
832
834
841
847
853
868
870
873
886
887
889
890
893
895
897
900
908
911
915
921
924
928
934
946
952
957
963
967
968
969
970
980
984
1006
1028
1029
1037
1043
1053
1055
1057
1061
1064
1067
1073
1075
1076
1084
1091
1101
1103
1114
1115
1126
1130
1132
1136
1138
1141
1154
1155
1156
1157
1165
1181
1182
1183
1185
1188
1193
1207
1215
1218
1223
1239
1240
1250
1252
1254
1261
1262
1263
1264
1267
1269
1274
1275
1277
1283
1285
1296
1300
1307
1308
1309
1315
1318
1322
1326
1340
1363
1364
1380
1384
1386
1387
1391
1394
1395
1401
1406
1409
1410
1416
1418
1424
1432
1434
1440
1443
1449
1452
1461
1464
1469
1470
1477
1480
1485
1492
1494
1495
1496
1522
1524
1528
1536
1538
1542
1545
1547
1550
1551
1564
1569
1575
1585
1593
1595
1597
1608
1611
1612
1617
1619
1624
1627
1629
1639
1641
1646
1652
1654
1661
1664
1666
1668
1669
1672
1680
1683
1684
1687
1689
1696
1703
1705
1713
1721
1726
1729
1731
1732
1739
1747
1749
1750
1761
1767
1772
1774
1776
1777
1780
1786
1788
1794
1803
1805
1815
1819
1820
1822
1827
1831
1837
1840
1849
1859
1880
1882
1895
1899
1900
1903
1923
1930
1935
1936
1938
1950
1952
1954
1958
1962
1964
1967
1975
1976
1986
1987
1988
2001
2003
2011
2013
2019
2022
2025
2034
2047
2048
2057
2059
2077
2084
2090
2103
2108
2114
2118
2127
2135
2140
2150
2165
2168
2181
2184
2188
2189
2194
2199
2207
2210
2211
2212
2228
2236
2244
2250
2257
2259
2263
2270
2275
2276
2279
2293
2318
2323
2329
2330
2336
2341
2347
2350
2351
2360
2364
2368
2369
2370
2373
2376
2377
2386
2388
2397
2409
2410
2411
2416
2423
2424
2428
2429
2430
2438
2443
2444
2448
2451
2452
2453
2457
2460
2461
2464
2469
2473
2484
2491
2493
2497
2505
2509
2516
2517
2518
2519
2521
2525
2529
2531
2533
2546
2552
2555
2562
2563
2566
2569
2570
2577
2578
2584
2591
2597
2603
2608
2609
2617
2619
2620
2623
2624
2644
2660
2661
2667
2672
2673
2676
2685
2691
2700
2706
2714
2722
2726
2729
2740
2742
2744
2745
2746
2753
2756
2767
2770
2774
2777
2780
2786
2789
2798
2799
2819
2821
2838
2842
2847
2848
2850
2856
2861
2871
2874
2877
2885
2891
2893
2898
2905
2910
2917
2923
2924
2925
2932
2934
2941
2944
2945
2947
2949
2954
2958
2962
2963
2966
2971
2975
2976
2984
2990
2996
3002
3011
3017
3018
3025
3028
3041
3042
3044
3057
3059
3062
3064
3065
3066
3069
3070
3072
3075
3087
3094
3097
3103
3106
3118
3129
3132
3140
3141
3171
3172
3175
3178
3188
3192
3193
3195
3197
3198
3211
3215
3232
3239
3240
3241
3243
3253
3259
3261
3265
3268
3271
3279
3280
3282
3283
3287
3293
3294
3297
3298
3312
3317
3319
3332
3333
3341
3344
3345
3349
3351
3358
3360
3374
3379
3381
3389
3392
3393
3398
3401
3403
3404
3405
3409
3410
3416
3419
3421
3424
3425
3430
3434
3439
3448
3453
3456
3466
3470
3471
3474
3475
3477
3480
3488
3492
3496
3497
3506
3520
3525
3526
3527
3532
3536
3540
3553
3559
3570
3571
3577
3594
3603
3604
3606
3610
3616
3623
3627
3634
3635
3638
3641
3645
3646
3647
3650
3651
3657
3658
3659
3662
3668
3674
3684
3688
3690
3692
3693
3695
3697
3707
3708
3712
3726
3730
3740
3742
3743
3751
3756
3760
3762
3766
3768
3770
3774
3780
3781
3789
3798
3800
3807
3809
3814
3815
3819
3822
3827
3834
3841
3853
3854
3855
3862
3865
3876
3877
3878
3885
3887
3898
3905
3926
3930
3935
3936
3939
3940
3951
3952
3954
3959
3968
3994
3997
4007
4009
4010
4027
4029
4035
4040
4044
4049
4052
4055
4063
4064
4071
4073
4074
4075
4078
4087
4092
4095
4098
4100
4107
4108
4114
4118
4120
4124
4128
4130
4137
4138
4146
4154
4157
4160
4163
4168
4173
4182
4184
4192
4198
4202
4217
4226
4231
4233
4234
4237
4240
4248
4250
4252
4255
4258
4265
4269
4270
4272
4275
4280
4281
4286
4297
4308
4309
4312
4317
4319
4324
4325
4343
4344
4346
4371
4375
4383
4387
4390
4396
4398
4401
4402
4406
4412
4415
4416
4427
4432
4438
4449
4458
4459
4463
4476
4478
4479
4492
4497
4498
4499
4505
4512
4530
4537
4541
4553
4556
4559
4565
4567
4573
4582
4585
4586
4589
4596
4607
4614
4620
4622
4626
4633
4664
4671
4672
4674
4680
4681
4684
4691
4694
4707
4713
4715
4721
4725
4730
4742
4751
4755
4762
4763
4766
4767
4780
4800
4801
4802
4803
4805
4813
4816
4819
4821
4827
4829
4834
4835
4840
4845
4855
4856
4878
4884
4885
4886
4887
4889
4901
4904
4909
4913
4914
4921
4922
4927
4928
4933
4938
4943
4947
4950
4954
4956
4957
4958
4959
4977
4984
4986
4991
4993
4995
4997
4998
5004
5008
5010
5011
5016
5017
5021
5022
5036
5041
5045
5046
5049
5054
5063
5064
5067
5070
5082
5086
5088
5090
5096
5100
5102
5107
5110
5129
5133
5138
5139
5145
5148
5163
5165
5181
5189
5194
5195
5201
5205
5208
5217
5224
5226
5232
5234
5243
5246
5249
5255
5259
5265
5269
5271
5275
5278
5284
5286
5295
5298
5299
5305
5307
5321
5324
5342
5345
5351
5356
5364
5370
5371
5377
5378
5380
5386
5390
5393
5396
5407
5408
5412
5413
5418
5419
5420
5452
5455
5459
5462
5464
5467
5470
5477
5479
5484
5486
5487
5489
5490
5505
5512
5513
5519
5521
5522
5524
5525
5529
5539
5541
5551
5556
5559
5562
5570
5576
5590
5600
5605
5612
5619
5620
5621
5624
5630
5632
5633
5634
5638
5640
5644
5645
5647
5648
5649
5653
5654
5661
5662
5682
5685
5694
5695
5698
5699
5700
5705
5721
5722
5725
5726
5729
5732
5749
5755
5761
5763
5770
5774
5776
5778
5785
5790
5792
5793
5795
5797
5799
5804
5823
5835
5837
5842
5850
5854
5855
5858
5859
5863
5864
5867
5868
5871
5873
5874
5882
5883
5889
5891
5892
5901
5902
5904
5905
5906
5907
5912
5914
5916
5929
5930
5940
5941
5943
5945
5951
5954
5960
5974
5975
5978
5988
5990
5991
5993
5994
6000
6001
6004
6010
6018
6019
6023
6024
6025
6043
6064
6070
6074
6076
6083
6084
6090
6091
6095
6097
6098
6108
6109
6124
6128
6129
6132
6133
6135
6148
6155
6156
6165
6170
6175
6177
6179
6181
6182
6189
6205
6216
6217
6221
6229
6235
6241
6243
6252
6254
6255
6263
6264
6265
6272
6282
6283
6294
6295
6297
6303
6304
6307
6308
6334
6339
6341
6355
6361
6363
6364
6365
6367
6368
6369
6376
6379
6387
6390
6392
6396
6402
6403
6415
6427
6429
6433
6438
6452
6455
6457
6458
6465
6468
6471
6476
6477
6479
6493
6497
6499
6500
6504
6509
6513
6515
6522
6523
6527
6539
6542
6543
6547
6563
6568
6584
6592
6597
6598
6607
6612
6620
6628
6638
6641
6642
6651
6663
6665
6676
6682
6683
6684
6685
6686
6690
6695
6706
6712
6716
6723
6737
6756
6758
6767
6775
6776
6785
6788
6790
6792
6799
6804
6807
6811
6818
6832
6833
6839
6855
6856
6857
6860
6875
6876
6878
6883
6895
6898
6920
6921
6923
6930
6933
6935
6940
6947
6949
6962
6964
6966
6968
6976
6983
6986
6988
6991
6998
7000
7005
7012
7026
7027
7033
7035
7036
7044
7057
7068
7069
7070
7071
7078
7084
7086
7091
7092
7093
7094
7111
7117
7120
7124
7128
7131
7132
7133
7134
7138
7141
7144
7146
7158
7167
7168
7169
7171
7179
7180
7181
7183
7186
7188
7192
7197
7198
7207
7210
7226
7231
7236
7237
7247
7264
7269
7272
7273
7276
7277
7291
7295
7301
7302
7305
7308
7311
7315
7333
7341
7348
7349
7352
7360
7361
7366
7371
7377
7396
7397
7403
7417
7418
7421
7423
7426
7427
7430
7435
7438
7444
7449
7453
7456
7457
7463
7467
7469
7473
7477
7486
7492
7493
7495
7510
7518
7520
7521
7523
7524
7533
7546
7548
7551
7567
7570
7575
7581
7587
7591
7592
7594
7606
7609
7612
7615
7616
7618
7619
7626
7629
7631
7637
7639
7645
7652
7663
7664
7667
7668
7672
7675
7683
7687
7690
7694
7700
7717
7718
7724
7725
7728
7730
7733
7742
7746
7756
7763
7765
7784
7785
7791
7797
7803
7807
7809
7833
7838
7845
7849
7853
7862
7863
7870
7874
7876
7877
7884
7889
7891
7895
7896
7897
7900
7901
7902
7903
7912
7913
7918
7924
7937
7939
7940
7943
7952
7953
7961
7964
7985
7986
7994
7998
7999
8002
8003
8004
8021
8022
8023
8049
8054
8063
8064
8073
8077
8089
8090
8095
8100
8101
8104
8105
8108
8117
8125
8138
8140
8142
8144
8147
8148
8157
8158
8169
8170
8173
8180
8187
8189
8191
8196
8202
8213
8224
8228
8236
8238
8241
8242
8248
8250
8254
8260
8264
8278
8281
8284
8290
8291
8293
8323
8329
8334
8341
8344
8352
8353
8355
8365
8375
8381
8388
8389
8391
8392
8398
8399
8412
8422
8423
8427
8429
8431
8436
8441
8453
8464
8469
8476
8477
8484
8497
8499
8514
8516
8520
8531
8534
8539
8541
8543
8546
8563
8567
8571
8573
8579
8585
8588
8589
8590
8594
8595
8600
8601
8604
8605
8617
8623
8627
8628
8635
8642
8646
8648
8651
8654
8663
8664
8668
8676
8680
8683
8684
8692
8693
8696
8698
8699
8700
8701
8705
8707
8708
8710
8720
8729
8749
8750
8753
8756
8758
8760
8771
8774
8779
8785
8796
8800
8809
8810
8821
8829
8839
8849
8855
8857
8859
8881
8882
8885
8887
8890
8898
8909
8916
8921
8931
8932
8937
8942
8952
8969
8970
8986
8994
8997
8998
9008
9015
9016
9026
9027
9041
9043
9052
9054
9055
9067
9068
9069
9084
9088
9094
9099
9101
9107
9116
9118
9120
9122
9130
9132
9142
9145
9148
9149
9167
9168
9179
9189
9194
9206
9208
9210
9211
9215
9222
9238
9242
9246
9251
9254
9256
9265
9279
9283
9300
9301
9306
9309
9311
9315
9318
9326
9331
9336
9340
9354
9357
9371
9372
9374
9377
9388
9392
9396
9401
9402
9403
9406
9407
9422
9427
9430
9436
9437
9439
9440
9465
9475
9478
9491
9501
9514
9534
9541
9542
9555
9562
9566
9568
9572
9573
9574
9582
9587
9589
9592
9596
9598
9603
9607
9615
9623
9635
9651
9653
9654
9678
9679
9680
9685
9689
9692
9695
9697
9701
9702
9704
9707
9708
9709
9710
9711
9712
9713
9725
9729
9735
9743
9758
9759
9765
9767
9768
9772
9774
9779
9788
9792
9800
9803
9804
9814
9821
9823
9824
9831
9832
9833
9834
9835
9836
9839
9842
9844
9847
9848
9853
9859
9865
9866
9875
9885
9890
9896
9901
9906
9912
9913
9922
9926
9936
9939
9945
9946
9947
9949
9956
9962
9964
9976
9980
9985
9989
9992
9994
9999
10004
10010
10014
10023
10026
10028
10039
10040
10045
10048
10058
10066
10069
10071
10114
10118
10121
10122
10128
10129
10130
10131
10133
10134
10146
10147
10163
10166
10180
10184
10186
10187
10193
10194
10204
10210
10212
10215
10222
10231
10234
10238
10241
10242
10244
10245
10247
10279
10281
10288
10291
10292
10295
10300
10313
10323
10325
10330
10337
10343
10346
10347
10349
10358
10363
10368
10373
10385
10387
10389
10393
10407
10410
10415
10419
10428
10430
10431
10432
10447
10453
10456
10469
10483
10484
10493
10498
10508
10511
10514
10516
10521
10523
10530
10533
10539
10541
10542
10550
10551
10558
10566
10568
10578
10589
10595
10597
10610
10611
10617
10620
10635
10636
10645
10649
10655
10660
10672
10673
10680
10681
10684
10691
10695
10704
10706
10711
10712
10715
10720
10726
10733
10737
10739
10740
10744
10749
10751
10754
10771
10772
10776
10781
10784
10786
10800
10809
10810
10813
10817
10819
10829
10841
10848
10857
10859
10877
10881
10884
10887
10894
10895
10899
10926
10927
10931
10942
10943
10959
10963
10967
10969
10970
10973
10981
10982
10987
10989
11001
11007
11016
11020
11024
11031
11034
11038
11040
11041
11044
11056
11064
11071
11081
11082
11083
11086
11090
11092
11097
11102
11110
11111
11120
11122
11123
11124
11129
11141
11143
11156
11158
11160
11168
11169
11178
11183
11188
11189
11194
11195
11196
11211
11228
11248
11270
11274
11283
11285
11289
11292
11297
11306
11312
11317
11319
11328
11330
11334
11345
11349
11352
11360
11362
11369
11372
11386
11390
11391
11392
11393
11394
11395
11396
11405
11408
11410
11411
11413
11422
11424
11426
11429
11431
11441
11447
11455
11468
11478
11490
11493
11494
11496
11500
11501
11506
11511
11512
11524
11528
11535
11537
11538
11541
11544
11551
11556
11557
11559
11570
11584
11601
11602
11608
11615
11621
11628
11635
11644
11648
11651
11657
11665
11669
11676
11679
11688
11695
11696
11697
11704
11710
11715
11716
11717
11718
11720
11721
11723
11727
11728
11734
11735
11740
11745
11747
11749
11753
11755
11760
11765
11775
11781
11788
11793
11810
11823
11827
11829
11830
11836
11837
11839
11842
11844
11856
11870
11874
11876
11887
11895
11899
11901
11909
11918
11919
11924
11932
11936
11939
11945
11949
11954
11956
11966
11968
11969
11974
11978
11981
11985
11991
12004
12009
12011
12013
12015
12018
12024
12025
12036
12041
12042
12049
12052
12055
12064
12067
12071
12072
12074
12075
12076
12082
12084
12085
12086
12100
12101
12106
12123
12127
12129
12132
12133
12137
12138
12145
12146
12151
12154
12161
12163
12165
12168
12173
12177
12181
12185
12190
12194
12202
12209
12214
12215
12216
12219
12226
12230
12238
12239
12243
12245
12246
12249
12252
12263
12271
12272
12276
12280
12290
12300
12302
12310
12315
12318
12322
12324
12326
12328
12329
12333
12339
12342
12343
12344
12349
12353
12357
12358
12360
12363
12366
12373
12375
12378
12382
12392
12393
12399
12407
12408
12416
12417
12425
12434
12435
12440
12447
12452
12453
12454
12457
12465
12468
12476
12477
12487
12489
12491
12493
12494
12496
12499
12512
12531
12539
12548
12550
12554
12555
12559
12562
12572
12579
12582
12585
12587
12600
12608
12609
12612
12622
12630
12632
12637
12647
12650
12652
12657
12659
12665
12671
12672
12679
12680
12681
12688
12693
12700
12704
12707
12728
12730
12732
12733
12735
12743
12746
12747
12748
12749
12761
12763
12765
12767
12788
12794
12795
12796
12799
12800
12802
12807
12809
12810
12811
12812
12818
12830
12845
12856
12860
12865
12870
12875
12876
12878
12883
12891
12895
12896
12901
12907
12909
12911
12921
12928
12930
12937
12942
12943
12944
12945
12947
12949
12955
12957
12960
12965
12967
12968
12969
12972
12976
12984
12991
12992
12993
12994
12998
13004
13011
13012
13015
13022
13024
13030
13031
13043
13047
13048
13052
13055
13061
13065
13074
13084
13093
13094
13104
13105
13110
13117
13121
13124
13130
13141
13154
13156
13161
13165
13168
13169
13170
13171
13193
13194
13195
13198
13200
13202
13207
13208
13216
13217
13223
13224
13225
13230
13237
13246
13247
13250
13266
13269
13271
13273
13276
13284
13286
13289
13294
13295
13297
13303
13309
13318
13329
13330
13332
13335
13341
13342
13344
13345
13353
13368
13371
13377
13380
13383
13386
13389
13390
13391
13398
13407
13411
13412
13416
13424
13434
13437
13439
13442
13451
13452
13457
13466
13483
13494
13498
13501
13509
13511
13514
13515
13517
13518
13519
13522
13523
13525
13527
13539
13541
13543
13557
13558
13563
13569
13572
13574
13581
13587
13590
13591
13592
13594
13596
13600
13618
13619
13625
13627
13634
13646
13654
13656
13665
13669
13675
13686
13689
13691
13693
13697
13704
13706
13720
13721
13723
13725
13733
13743
13744
13750
13752
13754
13755
13764
13766
13768
13774
13786
13787
13790
13791
13800
13801
13802
13803
13806
13808
13816
13819
13843
13849
13855
13865
13870
13879
13880
13885
13888
13892
13900
13903
13906
13907
13909
13911
13913
13918
13921
13929
13935
13938
13950
13951
13955
13963
13969
13971
13972
13983
13984
13988
13999
14001
14011
14012
14013
14015
14020
14021
14022
14028
14032
14034
14036
14042
14044
14060
14068
14073
14078
14092
14093
14099
14115
14122
14125
14147
14158
14159
14161
14162
14175
14180
14182
14187
14191
14195
14205
14213
14229
14237
14238
14242
14252
14253
14254
14262
14268
14273
14276
14281
14284
14302
14303
14309
14312
14315
14316
14317
14328
14329
14332
14335
14337
14345
14361
14362
14369
14371
14373
14375
14377
14378
14383
14387
14398
14407
14410
14411
14412
14418
14422
14425
14431
14440
14443
14452
14456
14457
14461
14464
14471
14473
14479
14487
14496
14499
14504
14512
14514
14516
14527
14533
14535
14539
14541
14545
14563
14569
14572
14574
14575
14585
14586
14590
14591
14592
14593
14596
14597
14611
14612
14614
14618
14619
14627
14628
14630
14631
14632
14633
14634
14639
14641
14645
14646
14650
14663
14664
14665
14666
14667
14670
14671
14677
14683
14684
14685
14698
14704
14730
14731
14734
14735
14741
14745
14748
14754
14755
14758
14760
14770
14780
14784
14789
14792
14793
14795
14797
14800
14804
14807
14811
14813
14818
14820
14821
14823
14828
14829
14838
14844
14845
14846
14849
14851
14852
14856
14859
14863
14865
14867
14878
14879
14892
14896
14897
14901
14914
14915
14917
14920
14927
14931
14933
14951
14960
14962
14974
14975
14976
14981
14983
14986
14988
14989
14990
14991
14996
14998
15002
15005
15010
15022
15023
15025
15032
15034
15039
15050
15053
15057
15059
15063
15065
15081
15090
15092
15096
15101
15107
15111
15112
15116
15118
15119
15122
15125
15126
15136
15140
15141
15147
15149
15150
15152
15163
15165
15174
15175
15181
15182
15191
15194
15204
15208
15216
15217
15218
15219
15231
15234
15237
15244
15248
15250
15254
15263
15271
15274
15278
15283
15287
15291
15295
15299
15315
15316
15322
15323
15325
15326
15328
15330
15332
15333
15336
15338
15341
15349
15366
15372
15373
15377
15386
15387
15389
15390
15393
15394
15397
15404
15407
15408
15410
15416
15420
15428
15437
15439
15442
15445
15450
15457
15459
15460
15461
15463
15464
15467
15469
15472
15474
15476
15489
15496
15498
15500
15501
15503
15509
15510
15511
15513
15515
15522
15524
15525
15527
15530
15534
15535
15537
15548
15557
15559
15560
15564
15568
15571
15573
15574
15580
15585
15587
15588
15590
15593
15599
15601
15606
15617
15624
15625
15632
15633
15645
15649
15651
15654
15656
15663
15666
15668
15669
15671
15672
15673
15675
15680
15682
15683
15690
15691
15698
15704
15714
15715
15716
15719
15721
15722
15727
15728
15729
15733
15734
15737
15753
15754
15755
15763
15769
15774
15777
15787
15789
15791
15797
15802
15804
15807
15809
15810
15813
15817
15820
15835
15844
15845
15849
15860
15866
15867
15870
15872
15876
15888
15890
15896
15907
15908
15909
15911
15914
15917
15918
15928
15930
15933
15940
15947
15948
15968
15973
15975
15976
15977
15986
15987
15991
15992
15995
15996
15997
16006
16009
16012
16018
16023
16034
16036
16037
16041
16043
16049
16052
16053
16058
16063
16070
16077
16083
16084
16085
16102
16105
16108
16117
16122
16125
16128
16132
16133
16135
16140
16144
16145
16155
16159
16160
16167
16172
16176
16183
16184
16185
16186
16190
16197
16198
16208
16210
16211
16213
16214
16215
16220
16221
16223
16224
16227
16237
16238
16239
16243
16248
16257
16258
16266
16270
16274
16276
16277
16279
16280
16287
16297
16305
16306
16324
16328
16338
16344
16346
16349
16351
16352
16354
16356
16380
16383
16389
16390
16391
16393
16396
16403
16405
16406
16409
16414
16416
16420
16425
16437
16444
16449
16450
16456
16474
16485
16487
16490
16496
16506
16513
16514
16515
16516
16517
16519
16523
16528
16532
16534
16535
16541
16542
16543
16546
16550
16560
16571
16574
16577
16580
16588
16589
16590
16596
16614
16620
16621
16623
16624
16633
16635
16639
16642
16649
16651
16652
16661
16674
16689
16697
16701
16704
16706
16708
16711
16724
16725
16727
16729
16736
16739
16742
16746
16748
16751
16759
16760
16766
16771
16774
16783
16786
16788
16790
16794
16800
16802
16805
16806
16808
16815
16818
16821
16830
16834
16838
16839
16848
16851
16854
16855
16864
16865
16866
16876
16884
16885
16892
16893
16895
16898
16899
16901
16912
16915
16918
16928
16931
16934
16939
16940
16944
16951
16956
16965
16971
16975
16976
16977
16985
16989
16994
16998
17006
17007
17008
17014
17027
17029
17031
17032
17036
17041
17047
17050
17054
17056
17058
17061
17065
17067
17068
17070
17075
17077
17080
17085
17095
17099
17100
17112
17115
17122
17131
17133
17135
17136
17138
17142
17145
17146
17148
17150
17152
17156
17157
17167
17168
17173
17181
17196
17197
17213
17215
17223
17226
17230
17237
17243
17247
17250
17259
17262
17266
17267
17268
17270
17271
17272
17274
17276
17278
17285
17286
17287
17289
17290
17291
17293
17294
17301
17315
17316
17328
17331
17333
17336
17339
17340
17342
17346
17348
17353
17361
17363
17366
17369
17376
17385
17387
17390
17393
17399
17400
17404
17405
17413
17414
17416
17418
17421
17424
17435
17437
17443
17447
17448
17454
17459
17461
17465
17467
17468
17469
17471
17472
17479
17494
17510
17519
17521
17529
17530
17531
17532
17533
17540
17543
17553
17559
17563
17573
17575
17576
17583
17589
17595
17598
17602
17605
17606
17625
17629
17630
17631
17633
17634
17636
17645
17648
17650
17655
17660
17663
17665
17678
17682
17687
17696
17701
17704
17717
17726
17731
17733
17738
17746
17747
17755
17756
17757
17758
17763
17765
17768
17776
17779
17791
17792
17797
17803
17814
17819
17825
17831
17833
17836
17837
17839
17847
17849
17858
17865
17868
17877
17887
17888
17889
17898
17899
17900
17902
17908
17909
17914
17925
17929
17931
17934
17939
17940
17945
17950
17951
17953
17954
17958
17959
17960
17962
17968
17973
17980
17985
17998
18010
18012
18015
18018
18019
18023
18024
18025
18028
18032
18033
18035
18038
18046
18055
18058
18060
18062
18076
18080
18081
18083
18085
18088
18092
18093
18097
18110
18118
18120
18124
18125
18128
18131
18143
18145
18153
18159
18161
18162
18168
18184
18195
18199
18200
18201
18203
18211
18224
18227
18238
18243
18244
18248
18252
18263
18266
18270
18273
18275
18277
18281
18289
18293
18298
18304
18312
18321
18322
18323
18327
18331
18335
18340
18345
18347
18356
18368
18373
18375
18377
18382
18390
18394
18401
18403
18414
18418
18419
18421
18423
18424
18430
18431
18433
18434
18441
18470
18473
18474
18497
18507
18515
18542
18546
18548
18549
18550
18551
18558
18567
18569
18570
18574
18576
18583
18586
18587
18592
18595
18596
18602
18603
18606
18607
18614
18615
18617
18622
18624
18630
18642
18644
18646
18647
18648
18650
18656
18657
18659
18662
18664
18665
18672
18674
18678
18689
18690
18693
18695
18698
18704
18706
18707
18712
18721
18742
18743
18747
18748
18749
18752
18756
18758
18770
18771
18772
18780
18782
18788
18789
18790
18792
18793
18802
18807
18812
18815
18818
18822
18826
18829
18835
18840
18844
18846
18856
18867
18868
18870
18874
18878
18881
18882
18883
18890
18895
18897
18899
18900
18907
18923
18926
18927
18933
18934
18938
18943
18947
18950
18951
18953
18954
18955
18958
18959
18964
18974
18978
18981
18985
18986
18988
18991
18994
19000
19007
19011
19012
19016
19021
19023
19029
19036
19043
19047
19051
19074
19075
19080
19082
19097
19099
19109
19113
19127
19138
19154
19171
19177
19209
19214
19234
19253
19261
19262
19273
19290
19347
19363
19370
19423
19427
19450
19452
19454
19456
19466
19479
19483
19516
19529
19532
19545
19620
19622
19628
19629
19658
19665
19680
19720
19722
19758
19775
19832
19862
19884
19902
19926
19983
19988
20019
20035
20089
20099
20160
20223
20285
20316
20323
20345
20354
20396
20398
20407
20436
20439
20447
20455
20461
20547
20548
20556
20571
20579
20629
20634
20643
20645
20653
20683
20698
20714
20730
20739
20754
20769
20796
20810
20827
20847
20914
20933
20972
21012
21022
21024
21126
21138
21158
21163
21218
21226
21255
21257
21290
21339
21340
21352
21364
21384
21393
21395
21404
21406
21470
21506
21519
21562
21566
21574
21584
21592
21609
21628
21656
21679
21681
21702
21711
21716
21751
21752
21775
21789
21793
21797
21817
21880
21892
21953
21972
21979
22012
22013
22029
22054
22064
22067
22070
22072
22102
22107
22138
22150
22170
22173
22202
22212
22233
22257
22260
22261
22274
22280
22290
22322
22329
22347
22372
22389
22390
22398
22415
22423
22440
22465
22468
22469
22474
22495
22561
22566
22570
22578
22583
22594
22656
22684
22687
22723
22733
22742
22750
22757
22758
22759
22769
22772
22782
22802
22820
22821
22835
22843
22865
22904
22908
22920
22933
22937
22966
22993
22994
23006
23010
23012
23027
23034
23050
23072
23143
23152
23153
23179
23183
23195
23221
23232
23247
23276
23280
23281
23287
23304
23354
23385
23391
23453
23486
23487
23491
23495
23517
23525
23609
23620
23681
23696
23730
23797
23802
23816
23824
23850
23858
23886
23907
23932
23960
24022
24023
24068
24097
24121
24131
24136
24181
24184
24187
24189
24238
24250
24252
24294
24317
24327
24331
24338
24374
24387
24410
24413
24414
24451
24454
24460
24479
24497
24509
24534
24537
24566
24567
24577
24581
24584
24605
24641
24649
24687
24722
24754
24821
24848
24885
24907
24913
24915
24987
25002
25016
25035
25102
25199
25217
25385
25472
25531
25600
25648
25661
25688
25767
25802
25844
26012
26092
26141
26223
26250
26430
26482
26484
26517
26524
26670
26715
26905
26964
27235
27251
27261
27362
27390
27408
27450
27475
27574
27645
27646
27778
27967
28102
28496
28521
28997
29270
29521
29971
30612
31261
