Catalog_ID	SNP_position
1	[1]
5	[0]
6	[0]
9	[1]
11	[0]
12	[3]
13	[0]
15	[0]
17	[0]
18	[0]
22	[0]
25	[0]
27	[0]
28	[0]
31	[0]
33	[0]
36	[0]
38	[1]
44	[1]
45	[0]
46	[0]
51	[0]
56	[1]
60	[0]
61	[0]
63	[0]
65	[0]
69	[1]
75	[1]
81	[1]
82	[0]
83	[0]
89	[0]
91	[1]
92	[0]
94	[3]
95	[0]
98	[0]
101	[0]
102	[0]
103	[0]
104	[0]
105	[0]
111	[2]
113	[1]
114	[0]
115	[1]
119	[0]
120	[0]
121	[1]
123	[0]
126	[0]
129	[4]
130	[0]
134	[0]
136	[1]
145	[0]
151	[0]
152	[0]
161	[0]
164	[0]
169	[1]
171	[0]
172	[1]
173	[0]
176	[0]
179	[1]
181	[0]
189	[2]
192	[0]
193	[0]
194	[0]
196	[0]
200	[1]
202	[0]
204	[2]
208	[0]
209	[4]
211	[0]
216	[1]
217	[1]
218	[0]
220	[4]
221	[0]
223	[0]
227	[1]
230	[0]
233	[3]
238	[0]
239	[0]
240	[0]
244	[1]
253	[0]
254	[0]
255	[0]
257	[0]
259	[0]
260	[1]
261	[0]
262	[0]
263	[0]
270	[0]
277	[0]
278	[0]
279	[0]
282	[2]
284	[1]
287	[0]
288	[0]
289	[0]
290	[0]
297	[0]
300	[1]
301	[0]
303	[0]
305	[2]
306	[0]
309	[0]
310	[0]
313	[2]
314	[1]
315	[0]
316	[2]
326	[0]
327	[0]
333	[0]
335	[2]
338	[0]
340	[1]
342	[0]
343	[1]
348	[2]
349	[0]
351	[1]
352	[0]
353	[1]
354	[1]
355	[0]
358	[0]
360	[0]
362	[0]
363	[0]
364	[0]
365	[0]
366	[0]
368	[0]
371	[0]
375	[0]
376	[0]
377	[1]
379	[0]
380	[1]
386	[0]
387	[3]
388	[0]
389	[0]
393	[0]
395	[1]
399	[1]
402	[0]
404	[1]
406	[0]
409	[0]
411	[0]
414	[1]
415	[4]
416	[0]
417	[0]
420	[3]
421	[0]
425	[1]
427	[2]
432	[0]
436	[0]
443	[0]
445	[2]
447	[2]
449	[0]
451	[0]
456	[0]
460	[2]
461	[0]
462	[2]
465	[0]
468	[1]
470	[4]
473	[1]
481	[2]
484	[0]
486	[0]
489	[1]
490	[0]
491	[1]
498	[0]
505	[1]
507	[0]
509	[0]
510	[2]
516	[1]
519	[1]
520	[2]
523	[0]
525	[0]
529	[0]
531	[1]
532	[4]
535	[0]
536	[0]
537	[1]
539	[0]
540	[0]
542	[0]
544	[0]
547	[3]
558	[0]
560	[0]
562	[1]
566	[0]
570	[0]
576	[1]
577	[0]
580	[1]
582	[0]
587	[0]
589	[0]
593	[5]
594	[2]
595	[0]
597	[0]
600	[1]
602	[0]
606	[0]
607	[0]
608	[0]
610	[0]
611	[2]
612	[0]
618	[0]
620	[0]
621	[0]
628	[0]
629	[0]
633	[1]
638	[1]
644	[1]
647	[1]
650	[0]
651	[0]
657	[2]
661	[0]
662	[0]
664	[0]
666	[1]
667	[0]
672	[1]
677	[0]
679	[0]
682	[1]
684	[0]
685	[0]
686	[0]
692	[1]
693	[1]
695	[0]
703	[0]
708	[0]
712	[0]
715	[0]
716	[2]
718	[1]
721	[0]
723	[0]
724	[0]
728	[2]
729	[0]
731	[0]
735	[5]
737	[0]
738	[0]
739	[0]
742	[0]
746	[1]
747	[0]
751	[1]
762	[0]
763	[0]
768	[0]
769	[0]
771	[0]
772	[1]
778	[0]
780	[1]
781	[0]
782	[0]
783	[0]
790	[1]
791	[0]
792	[1]
794	[0]
795	[0]
797	[2]
799	[0]
801	[0]
813	[0]
820	[0]
823	[0]
824	[1]
826	[1]
827	[0]
828	[1]
830	[5]
833	[0]
835	[0]
839	[0]
843	[0]
845	[0]
846	[0]
850	[1]
851	[0]
852	[0]
855	[1]
856	[0]
858	[1]
861	[0]
862	[0]
863	[0]
864	[0]
865	[0]
866	[0]
867	[0]
869	[1]
872	[0]
874	[0]
875	[1]
878	[0]
879	[2]
880	[0]
884	[1]
885	[0]
894	[3]
896	[0]
898	[0]
902	[0]
909	[1]
916	[0]
917	[0]
919	[1]
927	[1]
929	[2]
933	[0]
937	[1]
938	[0]
939	[1]
941	[0]
948	[1]
949	[1]
950	[0]
951	[0]
954	[2]
956	[2]
962	[0]
964	[0]
966	[0]
974	[1]
977	[0]
978	[2]
979	[1]
981	[0]
983	[0]
986	[0]
988	[5]
989	[0]
992	[0]
995	[3]
999	[0]
1000	[0]
1004	[0]
1010	[0]
1013	[0]
1014	[1]
1015	[0]
1016	[0]
1018	[0]
1020	[0]
1022	[0]
1024	[0]
1026	[0]
1030	[1]
1031	[0]
1039	[0]
1041	[2]
1042	[0]
1044	[1]
1046	[2]
1051	[0]
1058	[0]
1059	[0]
1060	[3]
1062	[0]
1063	[0]
1068	[0]
1069	[0]
1071	[0]
1074	[0]
1077	[0]
1080	[0]
1086	[2]
1087	[0]
1088	[2]
1093	[0]
1097	[1]
1099	[0]
1100	[0]
1104	[1]
1105	[0]
1108	[0]
1111	[2]
1116	[0]
1118	[0]
1121	[1]
1128	[0]
1129	[1]
1133	[0]
1137	[1]
1140	[0]
1143	[0]
1145	[0]
1147	[1]
1148	[0]
1152	[0]
1153	[0]
1161	[1]
1164	[1]
1168	[0]
1169	[0]
1174	[1]
1176	[0]
1177	[0]
1178	[2]
1180	[3]
1184	[1]
1187	[0]
1189	[1]
1191	[1]
1196	[0]
1197	[0]
1199	[3]
1201	[0]
1204	[3]
1211	[1]
1213	[2]
1214	[3]
1219	[0]
1224	[0]
1228	[0]
1231	[0]
1233	[0]
1235	[1]
1237	[2]
1247	[1]
1251	[0]
1253	[0]
1257	[2]
1259	[2]
1260	[0]
1272	[1]
1273	[0]
1276	[0]
1279	[0]
1281	[1]
1282	[0]
1287	[0]
1288	[1]
1289	[1]
1290	[1]
1299	[0]
1302	[0]
1303	[0]
1305	[1]
1306	[0]
1311	[3]
1319	[0]
1323	[0]
1327	[1]
1328	[0]
1330	[0]
1331	[0]
1333	[3]
1336	[0]
1337	[0]
1339	[0]
1341	[1]
1343	[0]
1346	[1]
1348	[0]
1349	[0]
1352	[0]
1355	[0]
1356	[0]
1357	[0]
1359	[1]
1360	[0]
1365	[0]
1368	[2]
1370	[1]
1371	[1]
1373	[0]
1376	[0]
1378	[1]
1382	[0]
1385	[0]
1389	[0]
1392	[0]
1393	[0]
1398	[2]
1399	[0]
1400	[3]
1402	[0]
1405	[0]
1411	[1]
1415	[0]
1417	[0]
1419	[0]
1420	[0]
1421	[0]
1423	[0]
1425	[2]
1428	[0]
1429	[0]
1430	[0]
1431	[2]
1433	[1]
1435	[1]
1436	[1]
1445	[0]
1446	[0]
1451	[0]
1453	[1]
1454	[2]
1455	[0]
1459	[0]
1463	[1]
1466	[0]
1471	[0]
1472	[5]
1473	[1]
1476	[0]
1478	[0]
1481	[2]
1482	[0]
1483	[0]
1487	[0]
1489	[1]
1491	[0]
1497	[1]
1498	[0]
1499	[0]
1500	[0]
1501	[0]
1502	[0]
1504	[1]
1505	[4]
1507	[2]
1509	[0]
1514	[0]
1519	[0]
1523	[0]
1529	[1]
1530	[0]
1532	[0]
1533	[1]
1537	[0]
1539	[0]
1543	[0]
1544	[2]
1552	[0]
1553	[0]
1555	[0]
1567	[0]
1568	[0]
1570	[2]
1571	[2]
1572	[1]
1573	[0]
1574	[1]
1577	[2]
1578	[0]
1580	[0]
1581	[0]
1582	[1]
1584	[2]
1588	[0]
1594	[0]
1600	[0]
1602	[0]
1604	[0]
1605	[0]
1613	[0]
1618	[0]
1620	[2]
1621	[0]
1623	[0]
1630	[2]
1631	[0]
1638	[0]
1648	[1]
1649	[0]
1651	[0]
1653	[0]
1658	[0]
1659	[0]
1662	[1]
1674	[0]
1675	[3]
1676	[0]
1679	[0]
1691	[0]
1692	[1]
1697	[1]
1702	[0]
1706	[0]
1707	[0]
1708	[0]
1709	[0]
1710	[0]
1712	[0]
1714	[0]
1716	[1]
1717	[1]
1718	[1]
1720	[0]
1725	[1]
1730	[1]
1738	[0]
1742	[0]
1751	[0]
1757	[2]
1758	[1]
1760	[1]
1763	[0]
1765	[0]
1770	[0]
1771	[0]
1787	[0]
1791	[0]
1792	[2]
1795	[1]
1796	[2]
1797	[0]
1798	[1]
1801	[0]
1808	[1]
1810	[1]
1812	[0]
1813	[0]
1814	[1]
1816	[0]
1817	[2]
1825	[1]
1828	[0]
1829	[0]
1832	[1]
1833	[2]
1834	[1]
1835	[0]
1839	[2]
1841	[0]
1845	[2]
1846	[0]
1851	[1]
1852	[0]
1854	[0]
1855	[1]
1858	[4]
1860	[0]
1862	[0]
1863	[4]
1869	[1]
1870	[0]
1871	[0]
1875	[0]
1884	[0]
1886	[3]
1888	[0]
1889	[0]
1892	[1]
1894	[0]
1896	[0]
1897	[0]
1905	[0]
1906	[1]
1907	[1]
1909	[0]
1910	[0]
1915	[0]
1917	[0]
1922	[0]
1924	[0]
1927	[0]
1928	[0]
1929	[0]
1931	[0]
1937	[0]
1940	[0]
1941	[1]
1946	[0]
1949	[0]
1951	[2]
1956	[0]
1960	[0]
1966	[0]
1970	[0]
1977	[0]
1978	[0]
1979	[1]
1980	[1]
1983	[0]
1985	[0]
1989	[0]
1990	[0]
1995	[0]
1998	[1]
1999	[0]
2002	[0]
2004	[0]
2007	[2]
2008	[0]
2009	[1]
2015	[0]
2016	[0]
2017	[0]
2018	[0]
2021	[2]
2032	[0]
2033	[0]
2035	[2]
2037	[0]
2041	[0]
2044	[1]
2045	[0]
2053	[0]
2062	[0]
2065	[0]
2067	[1]
2068	[0]
2071	[0]
2074	[0]
2076	[0]
2078	[1]
2080	[0]
2082	[0]
2091	[1]
2097	[1]
2099	[0]
2101	[2]
2107	[0]
2109	[0]
2112	[1]
2113	[1]
2115	[0]
2119	[0]
2121	[1]
2124	[0]
2126	[0]
2132	[0]
2137	[0]
2138	[0]
2139	[0]
2142	[0]
2143	[0]
2144	[0]
2146	[0]
2148	[1]
2152	[0]
2153	[1]
2155	[0]
2156	[0]
2159	[1]
2169	[0]
2170	[1]
2171	[0]
2172	[0]
2174	[1]
2185	[0]
2193	[7]
2195	[0]
2196	[0]
2200	[0]
2201	[1]
2202	[0]
2203	[0]
2205	[2]
2206	[0]
2209	[0]
2216	[1]
2217	[0]
2218	[0]
2219	[0]
2222	[1]
2223	[0]
2225	[0]
2229	[0]
2233	[1]
2241	[0]
2242	[0]
2246	[0]
2247	[0]
2251	[0]
2256	[0]
2258	[1]
2261	[0]
2262	[0]
2265	[0]
2269	[0]
2278	[0]
2287	[0]
2288	[1]
2294	[1]
2301	[0]
2306	[1]
2311	[2]
2316	[0]
2320	[0]
2322	[0]
2331	[3]
2335	[0]
2338	[1]
2339	[0]
2344	[0]
2345	[0]
2348	[0]
2349	[1]
2354	[0]
2356	[1]
2357	[1]
2358	[0]
2361	[0]
2362	[0]
2363	[0]
2365	[0]
2367	[0]
2372	[1]
2374	[0]
2375	[0]
2379	[0]
2380	[0]
2383	[0]
2385	[0]
2387	[1]
2389	[0]
2391	[0]
2392	[0]
2400	[0]
2401	[0]
2403	[1]
2414	[0]
2419	[0]
2420	[0]
2422	[0]
2432	[0]
2433	[0]
2435	[0]
2436	[0]
2437	[0]
2441	[0]
2446	[0]
2454	[0]
2456	[0]
2466	[0]
2468	[0]
2472	[1]
2474	[1]
2476	[0]
2477	[0]
2481	[0]
2485	[0]
2489	[2]
2494	[0]
2495	[0]
2500	[0]
2503	[0]
2507	[1]
2512	[0]
2514	[0]
2523	[0]
2524	[0]
2530	[0]
2534	[1]
2539	[0]
2540	[1]
2544	[1]
2545	[1]
2547	[1]
2550	[0]
2551	[1]
2557	[0]
2559	[0]
2568	[2]
2575	[1]
2581	[1]
2583	[2]
2587	[0]
2590	[0]
2592	[0]
2596	[4]
2598	[1]
2602	[0]
2605	[0]
2607	[2]
2610	[0]
2612	[0]
2614	[1]
2616	[0]
2621	[1]
2630	[0]
2631	[0]
2634	[2]
2635	[1]
2637	[0]
2638	[2]
2649	[0]
2656	[1]
2659	[0]
2662	[5]
2663	[1]
2664	[1]
2665	[0]
2666	[2]
2668	[0]
2669	[0]
2677	[0]
2687	[0]
2689	[2]
2707	[0]
2708	[2]
2716	[1]
2717	[0]
2718	[0]
2720	[1]
2721	[0]
2723	[0]
2725	[0]
2731	[0]
2734	[1]
2736	[0]
2737	[0]
2738	[0]
2743	[0]
2754	[2]
2759	[1]
2760	[1]
2761	[0]
2764	[0]
2768	[0]
2769	[0]
2771	[0]
2775	[1]
2779	[0]
2781	[0]
2782	[0]
2785	[5]
2791	[0]
2792	[1]
2794	[0]
2795	[0]
2800	[3]
2801	[1]
2802	[0]
2805	[0]
2806	[0]
2808	[1]
2809	[0]
2812	[1]
2813	[1]
2814	[0]
2815	[0]
2818	[0]
2820	[1]
2834	[0]
2839	[0]
2841	[0]
2849	[0]
2852	[0]
2853	[0]
2857	[2]
2862	[0]
2864	[1]
2865	[1]
2869	[1]
2870	[1]
2876	[0]
2878	[0]
2881	[0]
2887	[0]
2888	[0]
2892	[1]
2899	[0]
2901	[0]
2902	[0]
2903	[0]
2904	[0]
2908	[0]
2909	[0]
2912	[0]
2914	[1]
2919	[0]
2920	[0]
2921	[0]
2922	[0]
2929	[0]
2935	[0]
2936	[0]
2938	[0]
2940	[1]
2951	[1]
2952	[0]
2957	[1]
2961	[0]
2964	[2]
2965	[2]
2967	[1]
2968	[4]
2973	[0]
2980	[0]
2982	[0]
2987	[1]
2988	[0]
2993	[2]
2994	[1]
2995	[0]
3000	[2]
3001	[1]
3003	[0]
3005	[0]
3008	[2]
3010	[1]
3012	[0]
3019	[0]
3020	[0]
3021	[1]
3027	[0]
3029	[1]
3032	[0]
3033	[0]
3035	[0]
3037	[1]
3047	[0]
3049	[0]
3051	[0]
3071	[1]
3074	[0]
3079	[0]
3082	[0]
3083	[0]
3085	[0]
3086	[0]
3089	[0]
3092	[0]
3093	[0]
3095	[0]
3100	[0]
3110	[2]
3114	[0]
3117	[0]
3122	[0]
3127	[0]
3131	[1]
3134	[1]
3136	[0]
3139	[0]
3142	[0]
3145	[0]
3146	[0]
3153	[0]
3156	[0]
3157	[0]
3159	[0]
3164	[0]
3166	[0]
3167	[0]
3170	[0]
3174	[0]
3180	[0]
3182	[0]
3186	[0]
3189	[1]
3194	[1]
3196	[0]
3205	[1]
3208	[0]
3209	[0]
3213	[0]
3216	[1]
3222	[0]
3227	[0]
3228	[0]
3230	[0]
3237	[0]
3238	[0]
3248	[0]
3249	[0]
3250	[0]
3252	[0]
3257	[0]
3263	[0]
3264	[0]
3272	[0]
3274	[3]
3284	[0]
3291	[3]
3296	[0]
3300	[1]
3301	[0]
3302	[0]
3303	[0]
3305	[1]
3315	[2]
3316	[1]
3322	[0]
3323	[0]
3326	[0]
3327	[2]
3328	[0]
3329	[0]
3330	[0]
3335	[0]
3336	[0]
3339	[3]
3340	[0]
3346	[1]
3347	[0]
3350	[0]
3352	[0]
3357	[0]
3361	[0]
3366	[0]
3368	[0]
3369	[1]
3370	[1]
3372	[0]
3380	[1]
3386	[0]
3394	[0]
3396	[0]
3399	[0]
3402	[0]
3407	[0]
3408	[1]
3411	[1]
3417	[0]
3422	[2]
3423	[0]
3427	[0]
3428	[0]
3429	[0]
3432	[0]
3433	[1]
3438	[0]
3441	[1]
3443	[1]
3444	[0]
3449	[0]
3462	[0]
3463	[0]
3467	[2]
3472	[0]
3478	[0]
3481	[1]
3484	[2]
3486	[0]
3489	[0]
3490	[0]
3499	[1]
3510	[0]
3512	[0]
3513	[0]
3516	[1]
3517	[0]
3518	[0]
3521	[3]
3523	[1]
3524	[1]
3533	[0]
3538	[0]
3539	[0]
3541	[0]
3544	[1]
3545	[1]
3550	[0]
3551	[0]
3554	[1]
3557	[0]
3558	[1]
3563	[4]
3567	[0]
3569	[0]
3574	[0]
3576	[0]
3578	[0]
3579	[0]
3581	[0]
3582	[0]
3583	[1]
3585	[1]
3586	[0]
3598	[0]
3600	[3]
3601	[0]
3605	[0]
3608	[0]
3612	[0]
3613	[0]
3614	[0]
3617	[0]
3618	[0]
3621	[0]
3622	[0]
3624	[0]
3625	[2]
3630	[0]
3632	[0]
3633	[1]
3637	[0]
3643	[1]
3648	[0]
3654	[0]
3663	[1]
3665	[0]
3669	[0]
3671	[1]
3673	[1]
3676	[0]
3677	[0]
3678	[0]
3679	[0]
3682	[0]
3683	[1]
3685	[1]
3687	[1]
3691	[0]
3696	[1]
3704	[0]
3705	[0]
3709	[1]
3713	[3]
3714	[0]
3716	[1]
3723	[0]
3724	[0]
3725	[1]
3728	[2]
3729	[0]
3731	[2]
3732	[0]
3733	[0]
3736	[0]
3737	[0]
3738	[0]
3739	[0]
3741	[0]
3747	[1]
3748	[0]
3749	[3]
3752	[0]
3758	[0]
3761	[0]
3765	[0]
3767	[0]
3771	[1]
3772	[0]
3773	[1]
3775	[0]
3776	[0]
3779	[1]
3783	[2]
3784	[0]
3785	[0]
3786	[0]
3787	[0]
3788	[0]
3793	[0]
3795	[1]
3797	[0]
3799	[0]
3801	[0]
3805	[0]
3808	[2]
3810	[0]
3816	[1]
3817	[0]
3818	[0]
3823	[0]
3824	[1]
3830	[3]
3833	[0]
3836	[0]
3838	[1]
3839	[2]
3840	[0]
3842	[0]
3843	[1]
3846	[0]
3848	[3]
3851	[0]
3858	[0]
3859	[0]
3860	[0]
3863	[2]
3866	[0]
3869	[0]
3871	[1]
3873	[0]
3874	[0]
3879	[0]
3880	[0]
3889	[0]
3892	[0]
3893	[1]
3894	[0]
3897	[3]
3899	[1]
3900	[1]
3902	[1]
3906	[0]
3912	[0]
3916	[0]
3918	[1]
3919	[0]
3922	[0]
3923	[0]
3925	[0]
3928	[0]
3931	[1]
3933	[1]
3943	[0]
3944	[0]
3945	[0]
3946	[1]
3948	[0]
3949	[0]
3953	[1]
3955	[1]
3960	[0]
3963	[1]
3970	[1]
3974	[0]
3981	[0]
3984	[0]
3986	[0]
3992	[1]
3999	[0]
4000	[0]
4001	[0]
4008	[1]
4012	[1]
4014	[0]
4016	[1]
4018	[0]
4019	[1]
4021	[1]
4025	[0]
4026	[0]
4028	[0]
4032	[0]
4033	[1]
4037	[0]
4038	[1]
4042	[0]
4048	[0]
4050	[1]
4051	[0]
4053	[2]
4058	[0]
4061	[1]
4065	[0]
4066	[0]
4077	[1]
4080	[0]
4082	[0]
4091	[0]
4094	[2]
4099	[0]
4101	[0]
4103	[0]
4104	[2]
4105	[0]
4106	[1]
4110	[0]
4111	[0]
4115	[0]
4116	[0]
4117	[0]
4121	[0]
4122	[0]
4123	[0]
4125	[1]
4129	[0]
4131	[0]
4133	[0]
4136	[0]
4139	[0]
4140	[0]
4141	[0]
4142	[0]
4144	[0]
4149	[0]
4150	[2]
4151	[5]
4153	[0]
4158	[0]
4159	[0]
4162	[2]
4164	[0]
4167	[0]
4169	[0]
4171	[0]
4172	[0]
4177	[1]
4183	[0]
4188	[1]
4191	[0]
4193	[0]
4195	[0]
4196	[0]
4199	[1]
4206	[0]
4208	[1]
4210	[2]
4211	[0]
4212	[0]
4214	[1]
4215	[1]
4218	[0]
4219	[0]
4221	[1]
4222	[0]
4223	[0]
4224	[0]
4225	[0]
4227	[1]
4229	[0]
4230	[0]
4239	[1]
4243	[0]
4244	[0]
4247	[0]
4249	[0]
4251	[0]
4259	[0]
4260	[0]
4261	[0]
4267	[0]
4271	[1]
4282	[0]
4283	[0]
4285	[0]
4287	[0]
4288	[0]
4294	[0]
4295	[0]
4298	[0]
4299	[0]
4303	[2]
4305	[0]
4306	[0]
4311	[0]
4313	[0]
4314	[0]
4316	[1]
4320	[0]
4323	[1]
4336	[0]
4337	[0]
4342	[0]
4347	[0]
4352	[0]
4353	[0]
4356	[0]
4359	[2]
4361	[0]
4363	[0]
4364	[1]
4367	[0]
4372	[2]
4374	[0]
4377	[0]
4380	[1]
4381	[0]
4384	[0]
4385	[1]
4386	[0]
4389	[0]
4395	[1]
4397	[0]
4399	[0]
4408	[0]
4409	[0]
4414	[0]
4417	[0]
4430	[1]
4431	[0]
4440	[0]
4441	[0]
4442	[0]
4445	[1]
4448	[0]
4454	[0]
4456	[0]
4460	[0]
4462	[1]
4464	[0]
4465	[4]
4470	[1]
4471	[0]
4473	[0]
4474	[1]
4475	[1]
4480	[0]
4485	[0]
4486	[1]
4488	[0]
4493	[0]
4500	[1]
4502	[0]
4508	[1]
4509	[0]
4510	[0]
4513	[0]
4515	[2]
4517	[0]
4521	[0]
4524	[0]
4525	[0]
4526	[0]
4528	[4]
4529	[0]
4532	[0]
4533	[0]
4534	[0]
4546	[0]
4557	[0]
4564	[0]
4568	[0]
4569	[0]
4571	[1]
4572	[1]
4576	[0]
4578	[4]
4583	[0]
4592	[0]
4594	[0]
4601	[0]
4609	[0]
4610	[0]
4612	[0]
4621	[2]
4628	[0]
4629	[1]
4631	[0]
4634	[0]
4638	[0]
4640	[1]
4642	[2]
4643	[0]
4645	[0]
4650	[1]
4652	[1]
4654	[2]
4656	[1]
4659	[1]
4660	[4]
4661	[1]
4663	[0]
4666	[0]
4667	[0]
4670	[0]
4675	[1]
4676	[1]
4682	[0]
4683	[0]
4686	[0]
4688	[0]
4690	[0]
4692	[4]
4695	[1]
4699	[1]
4702	[1]
4704	[0]
4705	[1]
4706	[0]
4709	[1]
4714	[0]
4717	[0]
4719	[0]
4722	[0]
4723	[0]
4727	[0]
4729	[0]
4733	[0]
4735	[0]
4737	[0]
4738	[0]
4739	[0]
4740	[0]
4743	[1]
4744	[0]
4746	[1]
4748	[0]
4749	[1]
4750	[0]
4752	[0]
4754	[0]
4757	[0]
4759	[0]
4764	[0]
4768	[1]
4772	[0]
4774	[1]
4776	[1]
4777	[0]
4778	[0]
4782	[0]
4783	[0]
4788	[0]
4789	[0]
4791	[2]
4793	[1]
4797	[0]
4798	[0]
4806	[0]
4808	[0]
4811	[0]
4812	[1]
4814	[0]
4815	[0]
4817	[1]
4820	[0]
4822	[1]
4824	[0]
4825	[0]
4833	[0]
4841	[1]
4842	[2]
4844	[2]
4850	[3]
4852	[3]
4853	[1]
4865	[0]
4866	[0]
4867	[0]
4868	[0]
4870	[0]
4871	[0]
4873	[0]
4875	[0]
4876	[2]
4877	[3]
4880	[1]
4881	[1]
4882	[1]
4891	[0]
4892	[0]
4893	[0]
4895	[0]
4896	[0]
4897	[0]
4899	[0]
4903	[2]
4906	[1]
4908	[2]
4910	[1]
4917	[0]
4918	[0]
4923	[2]
4924	[1]
4925	[0]
4930	[1]
4932	[0]
4937	[0]
4941	[0]
4944	[0]
4946	[0]
4948	[1]
4951	[0]
4960	[1]
4966	[0]
4967	[2]
4968	[0]
4969	[0]
4972	[0]
4980	[0]
4981	[0]
4983	[1]
4985	[1]
4989	[0]
4992	[0]
4994	[1]
4996	[0]
5001	[0]
5002	[0]
5009	[0]
5012	[0]
5014	[0]
5015	[0]
5018	[0]
5020	[0]
5025	[1]
5026	[1]
5035	[0]
5037	[1]
5039	[0]
5040	[1]
5042	[0]
5047	[0]
5048	[0]
5056	[0]
5058	[0]
5060	[0]
5062	[0]
5068	[0]
5072	[0]
5073	[2]
5074	[0]
5079	[0]
5080	[1]
5084	[0]
5085	[0]
5087	[1]
5093	[2]
5094	[0]
5099	[0]
5101	[0]
5111	[1]
5113	[0]
5116	[1]
5118	[0]
5121	[0]
5122	[1]
5123	[1]
5124	[0]
5125	[0]
5126	[0]
5134	[2]
5136	[4]
5140	[1]
5142	[1]
5143	[0]
5144	[2]
5152	[0]
5153	[0]
5155	[2]
5156	[0]
5157	[0]
5159	[0]
5161	[0]
5162	[0]
5164	[1]
5169	[0]
5172	[0]
5175	[0]
5176	[0]
5177	[0]
5178	[0]
5179	[0]
5182	[2]
5184	[1]
5187	[0]
5191	[0]
5196	[2]
5197	[1]
5198	[4]
5202	[1]
5204	[0]
5209	[1]
5210	[0]
5211	[0]
5212	[3]
5214	[1]
5218	[0]
5219	[0]
5220	[1]
5225	[0]
5227	[0]
5237	[0]
5238	[2]
5240	[0]
5244	[3]
5247	[0]
5250	[0]
5260	[0]
5261	[0]
5263	[0]
5266	[0]
5268	[2]
5272	[2]
5273	[0]
5274	[0]
5276	[0]
5280	[0]
5281	[2]
5282	[0]
5287	[0]
5288	[2]
5289	[0]
5291	[2]
5297	[0]
5301	[0]
5303	[0]
5309	[0]
5311	[0]
5312	[0]
5314	[0]
5317	[0]
5319	[0]
5322	[1]
5323	[0]
5326	[0]
5327	[0]
5328	[0]
5329	[0]
5330	[0]
5332	[0]
5333	[0]
5335	[0]
5337	[0]
5338	[1]
5339	[0]
5344	[1]
5347	[0]
5349	[0]
5350	[1]
5352	[0]
5357	[2]
5358	[0]
5361	[0]
5363	[0]
5365	[1]
5367	[2]
5372	[1]
5375	[0]
5383	[0]
5385	[0]
5387	[0]
5388	[0]
5389	[0]
5391	[0]
5394	[0]
5401	[1]
5402	[0]
5403	[0]
5410	[1]
5414	[0]
5422	[0]
5425	[1]
5426	[1]
5428	[0]
5431	[0]
5433	[0]
5434	[0]
5436	[0]
5437	[0]
5441	[0]
5442	[0]
5443	[0]
5445	[0]
5446	[1]
5447	[3]
5449	[0]
5450	[1]
5451	[0]
5453	[0]
5454	[1]
5457	[1]
5458	[2]
5460	[2]
5461	[0]
5465	[0]
5468	[1]
5471	[0]
5472	[0]
5473	[0]
5480	[0]
5481	[1]
5483	[0]
5488	[2]
5495	[1]
5496	[0]
5498	[2]
5500	[0]
5503	[1]
5504	[0]
5507	[0]
5508	[3]
5509	[0]
5516	[1]
5517	[0]
5523	[0]
5531	[1]
5534	[0]
5542	[0]
5543	[1]
5548	[0]
5549	[0]
5550	[0]
5552	[0]
5554	[0]
5557	[0]
5563	[1]
5564	[0]
5565	[0]
5566	[0]
5568	[1]
5569	[1]
5572	[0]
5573	[1]
5577	[4]
5579	[0]
5585	[1]
5588	[0]
5589	[0]
5591	[0]
5596	[2]
5597	[1]
5602	[0]
5610	[0]
5611	[4]
5613	[0]
5615	[0]
5617	[0]
5618	[5]
5631	[0]
5636	[0]
5637	[2]
5642	[0]
5643	[0]
5651	[0]
5656	[1]
5657	[1]
5658	[0]
5665	[2]
5666	[0]
5667	[0]
5672	[0]
5675	[1]
5677	[1]
5680	[0]
5683	[0]
5686	[0]
5691	[2]
5692	[0]
5701	[3]
5702	[0]
5703	[1]
5704	[1]
5706	[0]
5709	[0]
5710	[1]
5712	[0]
5714	[0]
5715	[0]
5723	[0]
5724	[0]
5728	[0]
5730	[0]
5731	[1]
5734	[0]
5735	[0]
5736	[0]
5737	[6]
5742	[0]
5743	[1]
5744	[0]
5745	[0]
5748	[1]
5750	[1]
5751	[0]
5752	[0]
5753	[0]
5759	[0]
5762	[0]
5766	[1]
5769	[0]
5771	[2]
5772	[2]
5773	[1]
5777	[0]
5779	[0]
5781	[1]
5787	[0]
5794	[0]
5798	[0]
5805	[0]
5806	[0]
5807	[0]
5808	[3]
5812	[0]
5814	[1]
5815	[0]
5819	[0]
5820	[0]
5821	[1]
5825	[1]
5829	[1]
5830	[0]
5834	[0]
5846	[0]
5847	[0]
5848	[0]
5849	[0]
5851	[0]
5853	[0]
5856	[0]
5857	[0]
5865	[2]
5872	[2]
5875	[0]
5878	[0]
5884	[0]
5887	[0]
5890	[0]
5893	[0]
5894	[0]
5895	[0]
5899	[0]
5900	[1]
5908	[0]
5909	[0]
5910	[0]
5913	[0]
5917	[0]
5918	[0]
5920	[1]
5924	[2]
5925	[4]
5927	[1]
5931	[3]
5932	[1]
5939	[0]
5942	[1]
5944	[0]
5946	[0]
5948	[0]
5949	[0]
5953	[0]
5957	[1]
5958	[0]
5959	[1]
5961	[0]
5962	[0]
5966	[0]
5968	[0]
5970	[0]
5971	[0]
5973	[0]
5985	[1]
5986	[0]
5995	[1]
5996	[0]
5998	[1]
6005	[0]
6006	[0]
6013	[0]
6014	[1]
6020	[1]
6021	[0]
6022	[0]
6027	[0]
6028	[1]
6029	[0]
6030	[0]
6031	[5]
6032	[1]
6038	[1]
6039	[0]
6049	[0]
6050	[0]
6051	[0]
6054	[0]
6055	[0]
6057	[1]
6058	[0]
6062	[0]
6065	[0]
6069	[0]
6072	[0]
6078	[0]
6081	[1]
6085	[0]
6087	[0]
6089	[1]
6092	[1]
6094	[0]
6096	[0]
6099	[0]
6100	[1]
6101	[0]
6105	[2]
6106	[0]
6111	[2]
6112	[0]
6115	[0]
6116	[0]
6117	[0]
6119	[0]
6122	[2]
6125	[0]
6131	[1]
6134	[0]
6136	[1]
6137	[0]
6138	[0]
6140	[0]
6144	[0]
6147	[0]
6149	[0]
6150	[0]
6151	[0]
6152	[0]
6157	[0]
6164	[1]
6172	[0]
6173	[0]
6174	[0]
6176	[0]
6184	[0]
6185	[0]
6191	[0]
6195	[0]
6196	[1]
6198	[0]
6200	[1]
6201	[1]
6206	[0]
6208	[0]
6210	[0]
6213	[0]
6214	[1]
6215	[0]
6222	[0]
6225	[1]
6230	[0]
6232	[0]
6240	[0]
6242	[0]
6244	[1]
6248	[0]
6249	[2]
6250	[0]
6251	[0]
6253	[1]
6259	[1]
6260	[0]
6261	[0]
6269	[0]
6271	[0]
6273	[0]
6276	[0]
6279	[0]
6287	[0]
6289	[1]
6296	[1]
6305	[0]
6309	[1]
6310	[0]
6311	[0]
6318	[0]
6320	[0]
6326	[0]
6329	[1]
6333	[0]
6342	[0]
6343	[0]
6344	[0]
6345	[0]
6346	[0]
6347	[1]
6349	[0]
6350	[0]
6351	[0]
6352	[0]
6354	[0]
6356	[0]
6358	[0]
6362	[0]
6372	[0]
6374	[0]
6375	[0]
6378	[2]
6384	[6]
6385	[0]
6386	[0]
6393	[1]
6404	[2]
6410	[0]
6413	[1]
6414	[0]
6416	[0]
6419	[0]
6421	[0]
6423	[0]
6424	[2]
6425	[0]
6426	[0]
6428	[0]
6430	[1]
6432	[0]
6440	[0]
6441	[0]
6444	[0]
6445	[0]
6447	[1]
6449	[1]
6450	[0]
6453	[1]
6456	[0]
6462	[1]
6463	[0]
6464	[0]
6470	[0]
6472	[0]
6474	[3]
6478	[0]
6481	[0]
6482	[0]
6483	[0]
6484	[0]
6487	[0]
6488	[2]
6489	[0]
6495	[0]
6501	[0]
6502	[0]
6505	[0]
6506	[0]
6507	[0]
6508	[2]
6510	[0]
6514	[1]
6517	[0]
6519	[1]
6520	[0]
6524	[0]
6525	[0]
6526	[0]
6531	[1]
6533	[0]
6535	[0]
6541	[0]
6545	[0]
6549	[0]
6550	[0]
6551	[2]
6552	[0]
6553	[0]
6554	[1]
6555	[1]
6556	[0]
6559	[2]
6570	[0]
6571	[0]
6575	[0]
6576	[0]
6581	[0]
6582	[1]
6586	[0]
6593	[0]
6594	[0]
6596	[0]
6601	[0]
6602	[0]
6606	[1]
6609	[0]
6613	[0]
6615	[0]
6626	[1]
6627	[0]
6630	[0]
6632	[0]
6635	[3]
6639	[0]
6644	[0]
6645	[0]
6646	[0]
6647	[2]
6650	[0]
6652	[1]
6653	[0]
6656	[1]
6658	[0]
6660	[0]
6661	[1]
6662	[0]
6664	[3]
6669	[0]
6670	[0]
6675	[0]
6678	[1]
6679	[0]
6688	[0]
6689	[1]
6692	[0]
6693	[0]
6709	[1]
6714	[0]
6715	[0]
6717	[0]
6720	[0]
6725	[0]
6726	[0]
6727	[0]
6730	[0]
6733	[0]
6735	[1]
6736	[0]
6742	[0]
6745	[0]
6746	[1]
6749	[0]
6750	[0]
6751	[1]
6752	[0]
6754	[0]
6757	[0]
6759	[0]
6760	[0]
6762	[0]
6764	[0]
6769	[0]
6772	[0]
6773	[0]
6774	[0]
6777	[1]
6779	[0]
6781	[0]
6783	[1]
6784	[0]
6791	[0]
6793	[0]
6795	[0]
6800	[0]
6802	[1]
6803	[0]
6809	[2]
6812	[1]
6813	[1]
6820	[0]
6822	[0]
6823	[0]
6824	[0]
6826	[1]
6827	[0]
6834	[0]
6835	[0]
6842	[5]
6843	[0]
6851	[0]
6862	[0]
6863	[0]
6864	[1]
6865	[0]
6866	[0]
6867	[0]
6872	[0]
6873	[0]
6874	[0]
6877	[0]
6879	[1]
6881	[2]
6889	[0]
6893	[0]
6897	[0]
6903	[0]
6907	[1]
6910	[0]
6911	[4]
6913	[0]
6919	[1]
6922	[0]
6926	[0]
6927	[1]
6929	[1]
6931	[2]
6934	[0]
6937	[0]
6938	[0]
6943	[1]
6950	[0]
6951	[1]
6953	[1]
6955	[0]
6958	[0]
6961	[0]
6963	[1]
6965	[0]
6971	[1]
6973	[0]
6974	[1]
6977	[0]
6978	[0]
6980	[1]
6982	[2]
6990	[1]
6995	[0]
6997	[0]
6999	[0]
7001	[0]
7002	[0]
7007	[2]
7009	[0]
7011	[1]
7013	[3]
7014	[3]
7015	[0]
7019	[0]
7020	[0]
7025	[0]
7030	[0]
7031	[1]
7034	[0]
7039	[0]
7041	[1]
7045	[0]
7047	[0]
7050	[0]
7051	[0]
7052	[0]
7058	[0]
7059	[0]
7064	[0]
7065	[1]
7067	[0]
7075	[0]
7080	[2]
7081	[1]
7085	[0]
7088	[0]
7096	[0]
7097	[0]
7098	[0]
7100	[2]
7103	[0]
7106	[0]
7107	[0]
7113	[0]
7118	[1]
7121	[0]
7122	[0]
7123	[0]
7126	[0]
7127	[0]
7130	[0]
7135	[0]
7139	[0]
7140	[0]
7143	[1]
7145	[1]
7153	[0]
7154	[2]
7159	[0]
7166	[1]
7173	[3]
7177	[0]
7182	[1]
7187	[1]
7191	[0]
7195	[1]
7202	[0]
7203	[1]
7204	[1]
7206	[0]
7208	[0]
7213	[0]
7214	[3]
7215	[0]
7216	[0]
7218	[1]
7222	[0]
7223	[0]
7227	[0]
7230	[0]
7233	[0]
7235	[0]
7238	[0]
7240	[1]
7242	[2]
7243	[0]
7245	[1]
7252	[0]
7254	[1]
7255	[3]
7256	[0]
7258	[0]
7259	[0]
7261	[1]
7262	[1]
7265	[1]
7270	[2]
7271	[0]
7274	[3]
7275	[0]
7281	[0]
7283	[0]
7284	[1]
7286	[1]
7287	[0]
7288	[0]
7292	[0]
7293	[0]
7296	[1]
7312	[0]
7313	[0]
7318	[1]
7319	[1]
7322	[1]
7323	[1]
7326	[0]
7332	[0]
7335	[0]
7338	[0]
7340	[0]
7342	[1]
7344	[0]
7345	[0]
7346	[0]
7350	[0]
7353	[0]
7354	[0]
7355	[0]
7357	[0]
7358	[1]
7368	[1]
7369	[0]
7373	[3]
7375	[1]
7376	[6]
7378	[1]
7380	[2]
7381	[0]
7386	[0]
7387	[1]
7388	[0]
7391	[3]
7392	[0]
7393	[0]
7394	[0]
7400	[0]
7404	[0]
7405	[2]
7406	[0]
7407	[0]
7408	[0]
7410	[0]
7412	[1]
7416	[0]
7422	[1]
7425	[0]
7428	[0]
7432	[0]
7434	[2]
7437	[0]
7439	[1]
7442	[0]
7447	[0]
7450	[1]
7451	[1]
7452	[0]
7454	[0]
7455	[0]
7459	[0]
7461	[0]
7462	[1]
7464	[2]
7465	[0]
7471	[0]
7475	[0]
7476	[1]
7482	[1]
7487	[1]
7488	[0]
7494	[0]
7497	[0]
7500	[0]
7504	[3]
7505	[0]
7508	[0]
7509	[0]
7513	[0]
7515	[1]
7522	[0]
7525	[1]
7526	[0]
7532	[0]
7534	[1]
7535	[0]
7537	[2]
7538	[0]
7539	[0]
7542	[0]
7543	[0]
7545	[1]
7549	[0]
7550	[0]
7554	[0]
7556	[0]
7560	[0]
7564	[0]
7568	[0]
7573	[0]
7574	[0]
7578	[0]
7579	[0]
7583	[1]
7589	[0]
7596	[1]
7598	[0]
7599	[0]
7600	[0]
7601	[0]
7603	[0]
7608	[0]
7613	[0]
7614	[1]
7620	[0]
7624	[0]
7628	[0]
7632	[0]
7633	[0]
7638	[2]
7640	[0]
7641	[1]
7643	[2]
7653	[0]
7655	[0]
7665	[0]
7669	[0]
7670	[0]
7673	[0]
7676	[0]
7678	[0]
7679	[0]
7680	[0]
7681	[1]
7684	[0]
7686	[1]
7697	[1]
7698	[0]
7701	[0]
7705	[0]
7706	[1]
7709	[0]
7714	[0]
7715	[0]
7716	[1]
7719	[0]
7723	[0]
7729	[0]
7734	[0]
7735	[0]
7736	[0]
7740	[0]
7743	[0]
7745	[0]
7747	[2]
7748	[0]
7752	[0]
7755	[1]
7759	[0]
7760	[0]
7761	[0]
7764	[0]
7767	[0]
7768	[2]
7769	[0]
7773	[0]
7775	[2]
7776	[1]
7778	[0]
7783	[0]
7786	[0]
7790	[0]
7792	[0]
7794	[0]
7795	[2]
7796	[1]
7798	[0]
7800	[0]
7802	[0]
7805	[1]
7806	[4]
7808	[0]
7810	[1]
7813	[0]
7821	[1]
7825	[0]
7829	[0]
7830	[1]
7831	[0]
7832	[0]
7835	[0]
7840	[0]
7851	[0]
7855	[0]
7856	[0]
7859	[0]
7864	[0]
7866	[1]
7869	[0]
7872	[0]
7873	[0]
7880	[1]
7882	[1]
7886	[1]
7887	[2]
7892	[1]
7893	[0]
7904	[0]
7905	[0]
7906	[0]
7922	[0]
7925	[1]
7929	[0]
7932	[1]
7934	[0]
7935	[0]
7936	[1]
7948	[0]
7950	[3]
7954	[0]
7957	[0]
7960	[0]
7965	[0]
7966	[1]
7969	[0]
7970	[1]
7972	[0]
7974	[0]
7976	[0]
7978	[0]
7980	[0]
7981	[0]
7988	[1]
7991	[0]
8006	[0]
8007	[0]
8009	[0]
8010	[3]
8011	[2]
8015	[0]
8018	[0]
8025	[0]
8026	[0]
8029	[1]
8032	[0]
8034	[1]
8035	[1]
8036	[1]
8042	[0]
8050	[1]
8052	[0]
8053	[0]
8056	[0]
8059	[1]
8061	[0]
8067	[0]
8068	[0]
8072	[0]
8075	[0]
8076	[0]
8080	[1]
8082	[0]
8083	[0]
8084	[0]
8091	[1]
8099	[0]
8107	[0]
8109	[0]
8110	[2]
8113	[2]
8118	[1]
8119	[0]
8124	[1]
8131	[1]
8133	[0]
8143	[0]
8145	[0]
8151	[1]
8156	[0]
8162	[0]
8164	[0]
8166	[0]
8168	[0]
8172	[0]
8174	[1]
8176	[2]
8181	[1]
8182	[0]
8185	[0]
8186	[0]
8190	[0]
8192	[0]
8197	[0]
8199	[0]
8203	[2]
8205	[1]
8208	[0]
8210	[1]
8215	[0]
8219	[0]
8222	[0]
8225	[0]
8226	[0]
8229	[0]
8230	[1]
8232	[0]
8233	[0]
8237	[1]
8239	[0]
8240	[0]
8247	[1]
8251	[0]
8252	[2]
8253	[1]
8255	[1]
8256	[0]
8258	[0]
8261	[0]
8262	[1]
8265	[1]
8266	[0]
8269	[0]
8274	[0]
8275	[2]
8279	[2]
8280	[0]
8282	[0]
8288	[1]
8292	[1]
8296	[0]
8297	[0]
8301	[1]
8302	[0]
8304	[0]
8307	[0]
8314	[0]
8316	[1]
8317	[0]
8318	[2]
8321	[2]
8328	[0]
8330	[0]
8331	[0]
8335	[0]
8336	[0]
8337	[0]
8338	[1]
8345	[1]
8346	[0]
8347	[0]
8348	[0]
8349	[0]
8351	[0]
8357	[0]
8358	[0]
8360	[0]
8363	[0]
8364	[0]
8366	[0]
8370	[0]
8371	[2]
8373	[0]
8374	[0]
8376	[4]
8378	[0]
8385	[1]
8386	[3]
8390	[0]
8395	[0]
8396	[0]
8402	[0]
8404	[0]
8405	[0]
8406	[0]
8407	[2]
8413	[0]
8414	[0]
8415	[0]
8416	[0]
8418	[0]
8419	[0]
8420	[5]
8424	[0]
8428	[0]
8432	[0]
8434	[0]
8437	[1]
8440	[1]
8442	[0]
8446	[0]
8447	[0]
8448	[0]
8449	[0]
8452	[0]
8455	[3]
8456	[0]
8457	[0]
8460	[1]
8465	[1]
8473	[1]
8480	[0]
8485	[0]
8487	[1]
8488	[0]
8493	[0]
8503	[1]
8504	[0]
8505	[0]
8510	[1]
8511	[0]
8512	[0]
8513	[1]
8515	[0]
8521	[2]
8522	[0]
8523	[1]
8526	[0]
8527	[1]
8528	[2]
8530	[0]
8532	[0]
8535	[0]
8537	[1]
8540	[1]
8547	[1]
8548	[0]
8550	[0]
8551	[0]
8556	[0]
8558	[0]
8560	[0]
8561	[0]
8565	[0]
8568	[2]
8569	[0]
8570	[0]
8574	[1]
8577	[1]
8581	[1]
8582	[1]
8583	[4]
8586	[2]
8587	[0]
8591	[2]
8599	[1]
8610	[2]
8614	[1]
8615	[1]
8620	[0]
8621	[0]
8622	[0]
8625	[0]
8626	[0]
8632	[2]
8633	[0]
8634	[1]
8640	[0]
8643	[1]
8650	[0]
8652	[1]
8665	[0]
8667	[1]
8670	[0]
8672	[0]
8675	[0]
8677	[0]
8678	[3]
8681	[0]
8685	[1]
8686	[0]
8689	[0]
8690	[1]
8695	[0]
8697	[0]
8706	[0]
8711	[0]
8712	[0]
8715	[0]
8719	[0]
8722	[1]
8725	[0]
8727	[0]
8728	[0]
8731	[1]
8734	[0]
8736	[0]
8737	[0]
8738	[0]
8740	[2]
8741	[0]
8743	[2]
8745	[0]
8747	[1]
8748	[0]
8752	[0]
8754	[1]
8757	[0]
8759	[0]
8762	[0]
8767	[0]
8775	[0]
8777	[0]
8780	[0]
8782	[5]
8788	[0]
8790	[0]
8791	[0]
8792	[0]
8793	[1]
8794	[1]
8795	[2]
8798	[1]
8799	[0]
8801	[0]
8803	[0]
8804	[0]
8817	[0]
8818	[1]
8820	[1]
8823	[0]
8825	[1]
8827	[0]
8832	[0]
8833	[1]
8840	[1]
8842	[0]
8843	[0]
8844	[1]
8847	[1]
8848	[0]
8850	[1]
8853	[0]
8860	[0]
8862	[0]
8864	[0]
8865	[0]
8866	[0]
8869	[0]
8870	[1]
8871	[1]
8872	[1]
8874	[0]
8883	[2]
8889	[0]
8895	[1]
8899	[0]
8900	[0]
8905	[1]
8907	[0]
8908	[0]
8911	[0]
8917	[0]
8918	[0]
8919	[0]
8925	[0]
8926	[0]
8930	[1]
8940	[3]
8943	[1]
8945	[0]
8946	[0]
8947	[0]
8949	[0]
8955	[1]
8958	[0]
8960	[1]
8961	[2]
8966	[1]
8973	[1]
8976	[1]
8977	[0]
8978	[0]
8982	[0]
8983	[0]
8984	[1]
8985	[0]
8987	[2]
8991	[0]
8992	[1]
8995	[0]
8999	[2]
9004	[1]
9009	[0]
9010	[0]
9012	[1]
9017	[0]
9019	[1]
9023	[0]
9025	[1]
9028	[1]
9031	[0]
9032	[3]
9036	[0]
9037	[0]
9039	[0]
9040	[0]
9042	[0]
9044	[2]
9046	[0]
9047	[0]
9048	[0]
9050	[0]
9053	[0]
9056	[1]
9057	[0]
9059	[0]
9063	[1]
9065	[1]
9072	[0]
9074	[0]
9075	[1]
9076	[0]
9077	[2]
9078	[0]
9083	[0]
9085	[0]
9086	[3]
9087	[1]
9092	[0]
9095	[0]
9097	[0]
9100	[0]
9102	[1]
9105	[0]
9110	[1]
9117	[1]
9119	[2]
9123	[0]
9124	[1]
9131	[0]
9134	[0]
9135	[0]
9139	[0]
9141	[0]
9143	[0]
9146	[1]
9151	[0]
9156	[0]
9165	[1]
9166	[4]
9169	[0]
9175	[1]
9184	[4]
9185	[0]
9186	[0]
9190	[2]
9192	[1]
9193	[0]
9197	[0]
9198	[3]
9201	[0]
9202	[1]
9207	[3]
9212	[0]
9220	[0]
9223	[1]
9224	[0]
9226	[1]
9227	[0]
9232	[0]
9233	[1]
9244	[1]
9245	[1]
9249	[1]
9252	[3]
9259	[0]
9261	[0]
9262	[1]
9264	[0]
9268	[0]
9270	[0]
9274	[3]
9277	[0]
9280	[0]
9284	[0]
9288	[0]
9289	[0]
9292	[0]
9294	[0]
9295	[0]
9303	[0]
9304	[2]
9313	[0]
9314	[0]
9316	[0]
9317	[0]
9320	[0]
9321	[1]
9327	[1]
9329	[0]
9333	[1]
9335	[0]
9339	[0]
9342	[0]
9343	[0]
9344	[0]
9345	[1]
9346	[0]
9349	[0]
9350	[0]
9352	[1]
9353	[0]
9355	[0]
9360	[0]
9361	[2]
9363	[0]
9364	[0]
9368	[0]
9376	[0]
9381	[0]
9382	[0]
9384	[0]
9386	[0]
9390	[0]
9391	[1]
9393	[0]
9398	[0]
9399	[0]
9404	[0]
9405	[1]
9408	[0]
9409	[3]
9410	[0]
9416	[0]
9419	[0]
9420	[2]
9423	[0]
9428	[0]
9434	[0]
9435	[2]
9441	[0]
9447	[1]
9450	[1]
9451	[0]
9452	[0]
9453	[1]
9454	[0]
9455	[0]
9456	[1]
9460	[1]
9461	[0]
9472	[0]
9473	[2]
9477	[0]
9479	[0]
9480	[0]
9482	[0]
9489	[1]
9492	[1]
9494	[0]
9495	[1]
9496	[0]
9497	[0]
9500	[0]
9502	[0]
9503	[3]
9505	[1]
9508	[0]
9509	[2]
9510	[0]
9511	[1]
9513	[1]
9516	[0]
9518	[1]
9523	[0]
9528	[0]
9529	[1]
9530	[1]
9535	[0]
9536	[1]
9539	[0]
9540	[5]
9543	[0]
9544	[0]
9545	[0]
9546	[0]
9550	[0]
9556	[0]
9557	[0]
9563	[1]
9564	[0]
9565	[0]
9567	[0]
9570	[0]
9577	[1]
9581	[0]
9584	[1]
9586	[0]
9593	[0]
9595	[0]
9601	[4]
9606	[0]
9611	[1]
9613	[0]
9614	[1]
9618	[0]
9619	[0]
9624	[1]
9628	[1]
9630	[0]
9631	[0]
9634	[2]
9637	[3]
9641	[0]
9643	[0]
9644	[1]
9645	[0]
9647	[0]
9650	[1]
9652	[0]
9657	[0]
9658	[0]
9659	[1]
9661	[0]
9663	[0]
9666	[1]
9667	[0]
9668	[0]
9669	[0]
9671	[1]
9673	[1]
9676	[0]
9677	[0]
9681	[0]
9684	[2]
9686	[0]
9690	[0]
9691	[0]
9696	[1]
9698	[0]
9699	[1]
9705	[0]
9715	[2]
9716	[0]
9717	[1]
9718	[0]
9719	[2]
9720	[0]
9722	[0]
9727	[0]
9730	[3]
9731	[2]
9733	[0]
9734	[0]
9737	[0]
9740	[1]
9741	[0]
9744	[2]
9746	[0]
9747	[0]
9749	[0]
9752	[0]
9753	[1]
9755	[0]
9757	[1]
9760	[0]
9763	[0]
9764	[1]
9766	[0]
9769	[0]
9781	[0]
9787	[1]
9789	[0]
9790	[2]
9793	[0]
9794	[0]
9795	[1]
9796	[0]
9797	[0]
9798	[0]
9801	[0]
9802	[0]
9805	[0]
9808	[0]
9812	[0]
9815	[1]
9817	[0]
9818	[0]
9825	[0]
9829	[1]
9830	[1]
9837	[1]
9843	[0]
9845	[0]
9849	[0]
9851	[0]
9854	[0]
9855	[0]
9857	[1]
9858	[1]
9860	[0]
9861	[0]
9864	[0]
9872	[0]
9877	[0]
9878	[1]
9880	[0]
9881	[0]
9886	[1]
9889	[2]
9892	[1]
9893	[1]
9894	[1]
9897	[0]
9910	[0]
9911	[0]
9916	[1]
9917	[0]
9919	[0]
9920	[0]
9931	[0]
9933	[0]
9934	[0]
9935	[1]
9937	[0]
9940	[0]
9941	[0]
9942	[2]
9943	[1]
9948	[1]
9951	[0]
9954	[0]
9955	[0]
9960	[0]
9969	[2]
9972	[0]
9973	[0]
9978	[0]
9981	[0]
9982	[0]
9984	[3]
9986	[0]
9988	[0]
9990	[0]
9993	[0]
9995	[0]
9998	[0]
10002	[1]
10005	[0]
10006	[2]
10011	[0]
10013	[0]
10015	[6]
10016	[1]
10021	[0]
10022	[0]
10032	[0]
10034	[0]
10038	[0]
10041	[2]
10043	[1]
10046	[0]
10050	[0]
10051	[0]
10052	[1]
10053	[1]
10054	[1]
10055	[0]
10061	[0]
10067	[0]
10068	[0]
10070	[0]
10074	[1]
10075	[0]
10079	[0]
10080	[0]
10082	[0]
10083	[1]
10084	[2]
10085	[0]
10086	[0]
10089	[0]
10090	[0]
10091	[1]
10094	[0]
10095	[0]
10096	[0]
10097	[1]
10099	[0]
10103	[0]
10106	[0]
10113	[0]
10116	[1]
10132	[0]
10137	[2]
10138	[0]
10139	[1]
10141	[0]
10145	[0]
10148	[1]
10150	[0]
10151	[0]
10155	[0]
10156	[0]
10157	[1]
10158	[2]
10159	[0]
10161	[1]
10162	[0]
10165	[0]
10169	[0]
10172	[0]
10174	[0]
10175	[0]
10177	[1]
10178	[0]
10179	[0]
10181	[0]
10185	[0]
10189	[0]
10190	[0]
10191	[0]
10195	[1]
10197	[1]
10198	[0]
10200	[0]
10203	[0]
10207	[2]
10209	[0]
10216	[0]
10218	[0]
10219	[0]
10220	[0]
10221	[0]
10223	[0]
10224	[0]
10225	[0]
10230	[0]
10232	[0]
10235	[0]
10236	[0]
10239	[0]
10248	[1]
10250	[4]
10251	[2]
10253	[0]
10256	[0]
10259	[1]
10260	[1]
10261	[0]
10263	[0]
10265	[0]
10267	[0]
10268	[1]
10269	[0]
10271	[0]
10272	[0]
10275	[0]
10276	[0]
10285	[0]
10286	[0]
10287	[0]
10289	[1]
10303	[0]
10305	[0]
10307	[0]
10310	[0]
10312	[0]
10314	[0]
10315	[0]
10316	[0]
10319	[0]
10320	[1]
10322	[0]
10324	[0]
10329	[4]
10331	[0]
10332	[0]
10338	[0]
10339	[1]
10340	[0]
10341	[2]
10344	[0]
10345	[3]
10348	[0]
10351	[0]
10354	[1]
10355	[0]
10357	[0]
10360	[2]
10364	[2]
10366	[0]
10369	[0]
10374	[2]
10376	[0]
10377	[0]
10379	[0]
10380	[0]
10384	[1]
10386	[0]
10390	[0]
10391	[0]
10394	[0]
10395	[1]
10396	[0]
10398	[0]
10399	[1]
10400	[0]
10406	[0]
10420	[3]
10421	[3]
10423	[0]
10425	[1]
10426	[2]
10427	[0]
10434	[0]
10436	[0]
10437	[2]
10438	[0]
10439	[0]
10440	[1]
10442	[1]
10443	[0]
10444	[0]
10446	[0]
10452	[0]
10459	[2]
10462	[0]
10465	[0]
10466	[2]
10467	[0]
10470	[0]
10471	[0]
10472	[2]
10476	[0]
10477	[1]
10485	[0]
10486	[0]
10488	[0]
10489	[0]
10492	[0]
10496	[1]
10500	[0]
10503	[1]
10504	[1]
10505	[0]
10509	[2]
10510	[0]
10513	[0]
10515	[0]
10519	[0]
10520	[0]
10524	[0]
10526	[1]
10527	[0]
10528	[0]
10529	[0]
10531	[0]
10535	[0]
10538	[1]
10540	[0]
10543	[0]
10544	[1]
10548	[0]
10553	[0]
10554	[0]
10555	[2]
10556	[0]
10557	[0]
10560	[0]
10563	[0]
10564	[0]
10567	[4]
10571	[1]
10572	[0]
10574	[0]
10575	[0]
10576	[0]
10579	[0]
10581	[0]
10582	[1]
10585	[0]
10586	[3]
10587	[0]
10588	[1]
10591	[0]
10592	[1]
10593	[0]
10594	[0]
10596	[0]
10598	[0]
10600	[0]
10601	[0]
10606	[0]
10607	[0]
10608	[0]
10612	[0]
10613	[0]
10616	[1]
10618	[1]
10621	[0]
10622	[0]
10627	[2]
10628	[1]
10631	[1]
10637	[0]
10638	[0]
10639	[1]
10640	[0]
10642	[0]
10643	[0]
10646	[0]
10647	[0]
10652	[0]
10653	[0]
10657	[0]
10659	[1]
10662	[0]
10663	[1]
10665	[0]
10666	[1]
10667	[0]
10668	[2]
10674	[0]
10677	[0]
10682	[0]
10683	[0]
10685	[0]
10687	[0]
10689	[0]
10692	[0]
10697	[2]
10700	[0]
10701	[3]
10707	[1]
10709	[0]
10714	[0]
10716	[3]
10719	[1]
10723	[0]
10724	[0]
10725	[1]
10729	[0]
10731	[2]
10732	[0]
10736	[0]
10738	[1]
10742	[1]
10743	[0]
10745	[1]
10746	[3]
10752	[0]
10760	[3]
10762	[1]
10765	[0]
10766	[1]
10767	[2]
10768	[0]
10770	[1]
10773	[2]
10775	[0]
10777	[1]
10778	[0]
10780	[0]
10785	[2]
10787	[0]
10791	[0]
10792	[0]
10797	[0]
10798	[0]
10799	[0]
10803	[0]
10804	[0]
10806	[0]
10807	[0]
10808	[0]
10812	[0]
10815	[0]
10816	[0]
10827	[0]
10834	[0]
10835	[0]
10836	[0]
10838	[1]
10839	[1]
10842	[1]
10844	[0]
10845	[1]
10846	[0]
10849	[0]
10852	[0]
10855	[1]
10860	[1]
10862	[0]
10868	[1]
10869	[0]
10875	[0]
10876	[0]
10878	[0]
10879	[3]
10880	[0]
10882	[1]
10885	[0]
10886	[1]
10892	[1]
10896	[0]
10897	[0]
10900	[1]
10901	[0]
10902	[2]
10908	[0]
10912	[0]
10913	[1]
10915	[0]
10916	[1]
10917	[0]
10918	[0]
10921	[0]
10923	[0]
10932	[2]
10933	[1]
10938	[0]
10940	[2]
10941	[0]
10945	[0]
10947	[2]
10952	[0]
10954	[0]
10955	[0]
10956	[1]
10964	[0]
10968	[0]
10971	[0]
10974	[1]
10979	[0]
10986	[0]
10988	[0]
10990	[1]
10992	[0]
10993	[1]
10994	[0]
10996	[0]
10998	[1]
10999	[1]
11004	[0]
11005	[0]
11006	[0]
11010	[1]
11011	[1]
11012	[0]
11013	[2]
11015	[1]
11017	[0]
11023	[0]
11027	[1]
11028	[3]
11030	[0]
11032	[1]
11033	[1]
11036	[0]
11042	[0]
11043	[0]
11046	[0]
11050	[0]
11051	[0]
11052	[0]
11054	[0]
11055	[2]
11059	[0]
11060	[0]
11061	[0]
11062	[0]
11065	[0]
11066	[1]
11067	[0]
11070	[0]
11072	[1]
11073	[1]
11075	[0]
11076	[0]
11077	[0]
11084	[1]
11085	[1]
11087	[0]
11088	[0]
11091	[0]
11094	[0]
11095	[0]
11099	[0]
11100	[1]
11101	[0]
11104	[2]
11106	[0]
11108	[0]
11109	[0]
11112	[0]
11114	[0]
11116	[5]
11117	[0]
11118	[0]
11121	[0]
11125	[0]
11126	[0]
11128	[0]
11137	[2]
11138	[1]
11140	[0]
11145	[0]
11146	[0]
11147	[0]
11148	[0]
11151	[1]
11161	[0]
11162	[1]
11165	[0]
11166	[1]
11167	[0]
11171	[0]
11175	[4]
11176	[1]
11179	[0]
11182	[0]
11184	[0]
11186	[2]
11190	[1]
11192	[2]
11193	[1]
11205	[1]
11206	[1]
11208	[0]
11212	[0]
11216	[0]
11219	[1]
11221	[0]
11223	[0]
11224	[0]
11226	[2]
11227	[0]
11231	[1]
11232	[1]
11233	[0]
11237	[2]
11239	[0]
11243	[0]
11244	[0]
11251	[0]
11254	[0]
11255	[0]
11256	[0]
11257	[1]
11261	[0]
11264	[0]
11266	[0]
11267	[0]
11268	[0]
11269	[0]
11272	[0]
11273	[0]
11275	[1]
11277	[0]
11284	[1]
11290	[0]
11293	[0]
11295	[0]
11296	[0]
11298	[0]
11304	[0]
11309	[0]
11316	[0]
11323	[0]
11325	[0]
11326	[1]
11329	[0]
11331	[0]
11333	[0]
11335	[0]
11336	[0]
11341	[0]
11344	[1]
11351	[0]
11353	[0]
11354	[2]
11358	[0]
11359	[1]
11361	[1]
11367	[0]
11368	[1]
11371	[0]
11373	[2]
11375	[0]
11376	[0]
11377	[2]
11378	[0]
11379	[1]
11380	[1]
11382	[0]
11383	[0]
11384	[0]
11385	[1]
11387	[1]
11388	[0]
11389	[0]
11398	[0]
11402	[0]
11403	[0]
11406	[1]
11407	[1]
11414	[0]
11415	[0]
11417	[0]
11418	[0]
11419	[2]
11421	[0]
11427	[2]
11428	[0]
11430	[2]
11433	[1]
11436	[0]
11438	[0]
11443	[0]
11444	[0]
11448	[3]
11449	[0]
11451	[0]
11456	[0]
11458	[0]
11460	[1]
11462	[0]
11464	[1]
11469	[3]
11472	[0]
11475	[1]
11476	[1]
11477	[1]
11480	[0]
11482	[1]
11484	[1]
11485	[0]
11486	[0]
11487	[0]
11491	[0]
11492	[1]
11498	[0]
11499	[0]
11505	[0]
11507	[0]
11508	[1]
11513	[0]
11515	[0]
11520	[0]
11522	[0]
11523	[2]
11531	[0]
11533	[0]
11536	[1]
11539	[0]
11540	[0]
11546	[1]
11550	[1]
11554	[0]
11555	[0]
11560	[2]
11561	[0]
11563	[0]
11564	[0]
11565	[0]
11566	[0]
11569	[0]
11571	[0]
11572	[0]
11575	[0]
11576	[1]
11580	[0]
11582	[0]
11585	[1]
11586	[0]
11591	[1]
11595	[1]
11597	[2]
11598	[5]
11600	[1]
11606	[0]
11610	[0]
11612	[1]
11614	[0]
11619	[0]
11620	[0]
11622	[3]
11624	[1]
11631	[0]
11632	[0]
11636	[0]
11637	[1]
11638	[0]
11639	[2]
11640	[4]
11645	[0]
11646	[3]
11647	[0]
11649	[2]
11653	[0]
11655	[0]
11664	[1]
11666	[0]
11667	[2]
11670	[0]
11677	[2]
11680	[0]
11682	[0]
11683	[1]
11684	[0]
11686	[0]
11689	[0]
11692	[2]
11693	[0]
11694	[0]
11700	[1]
11701	[0]
11706	[0]
11708	[0]
11709	[0]
11711	[1]
11713	[1]
11719	[1]
11722	[0]
11725	[2]
11726	[0]
11730	[0]
11731	[0]
11736	[1]
11738	[0]
11739	[4]
11744	[0]
11746	[0]
11748	[1]
11750	[0]
11756	[1]
11757	[0]
11761	[0]
11762	[0]
11766	[0]
11768	[0]
11770	[0]
11771	[0]
11774	[2]
11776	[0]
11777	[2]
11790	[5]
11794	[0]
11795	[2]
11796	[0]
11799	[1]
11803	[0]
11804	[0]
11805	[0]
11814	[0]
11815	[0]
11817	[1]
11826	[0]
11828	[0]
11831	[0]
11833	[0]
11834	[1]
11838	[0]
11840	[5]
11841	[0]
11845	[1]
11847	[0]
11848	[0]
11849	[0]
11850	[0]
11851	[0]
11852	[0]
11854	[0]
11855	[2]
11859	[0]
11862	[0]
11863	[0]
11866	[0]
11869	[0]
11871	[0]
11872	[0]
11873	[1]
11879	[0]
11881	[3]
11882	[7]
11883	[0]
11884	[0]
11888	[0]
11892	[1]
11893	[0]
11894	[0]
11896	[1]
11897	[0]
11898	[0]
11903	[0]
11904	[0]
11905	[2]
11906	[0]
11908	[2]
11910	[0]
11912	[4]
11915	[0]
11922	[0]
11925	[0]
11926	[2]
11933	[0]
11940	[0]
11941	[1]
11943	[0]
11948	[1]
11950	[0]
11951	[0]
11953	[0]
11959	[1]
11960	[0]
11963	[2]
11970	[0]
11971	[0]
11973	[0]
11977	[0]
11979	[0]
11982	[0]
11983	[1]
11984	[0]
11987	[0]
11988	[1]
11989	[1]
11992	[0]
11993	[0]
11999	[0]
12000	[1]
12003	[1]
12005	[3]
12012	[0]
12014	[0]
12028	[0]
12030	[1]
12032	[1]
12033	[0]
12034	[2]
12035	[0]
12038	[0]
12039	[0]
12040	[0]
12044	[0]
12051	[0]
12056	[0]
12058	[0]
12070	[1]
12079	[1]
12080	[0]
12087	[0]
12088	[1]
12091	[1]
12092	[0]
12095	[0]
12098	[0]
12099	[1]
12103	[1]
12105	[2]
12107	[0]
12109	[0]
12113	[1]
12114	[0]
12117	[2]
12119	[0]
12121	[0]
12122	[1]
12125	[0]
12128	[0]
12131	[0]
12134	[3]
12139	[0]
12141	[0]
12143	[0]
12144	[0]
12147	[1]
12149	[0]
12152	[1]
12155	[1]
12156	[0]
12157	[0]
12167	[1]
12170	[0]
12172	[0]
12175	[0]
12179	[0]
12187	[0]
12189	[3]
12193	[0]
12195	[2]
12196	[1]
12198	[0]
12200	[0]
12204	[0]
12208	[1]
12210	[0]
12211	[0]
12212	[0]
12213	[2]
12217	[1]
12218	[0]
12220	[0]
12221	[0]
12223	[0]
12225	[0]
12227	[0]
12229	[0]
12232	[0]
12234	[0]
12235	[0]
12236	[0]
12237	[0]
12241	[1]
12242	[0]
12244	[0]
12248	[1]
12253	[2]
12260	[1]
12262	[0]
12266	[0]
12267	[0]
12268	[0]
12270	[0]
12273	[0]
12275	[0]
12279	[0]
12281	[0]
12282	[0]
12283	[1]
12284	[3]
12287	[0]
12289	[0]
12296	[1]
12297	[2]
12298	[0]
12299	[0]
12303	[0]
12306	[0]
12307	[0]
12309	[0]
12312	[0]
12314	[0]
12319	[1]
12320	[1]
12323	[0]
12330	[0]
12331	[0]
12332	[0]
12334	[0]
12335	[0]
12337	[0]
12340	[1]
12345	[0]
12346	[0]
12348	[0]
12350	[0]
12351	[2]
12352	[0]
12354	[0]
12356	[0]
12359	[2]
12367	[0]
12369	[0]
12370	[1]
12371	[0]
12376	[1]
12379	[0]
12383	[0]
12384	[0]
12385	[0]
12387	[0]
12389	[0]
12394	[0]
12395	[0]
12396	[0]
12400	[0]
12401	[0]
12403	[0]
12404	[1]
12405	[0]
12409	[0]
12410	[0]
12414	[0]
12420	[0]
12421	[0]
12422	[0]
12424	[1]
12429	[0]
12430	[0]
12436	[2]
12437	[1]
12442	[0]
12445	[2]
12446	[1]
12449	[0]
12451	[0]
12455	[0]
12456	[0]
12459	[0]
12460	[1]
12461	[0]
12463	[1]
12464	[0]
12469	[1]
12472	[1]
12478	[0]
12479	[1]
12482	[6]
12484	[0]
12486	[0]
12488	[0]
12497	[0]
12500	[0]
12501	[1]
12503	[0]
12506	[3]
12507	[0]
12509	[0]
12510	[0]
12516	[0]
12517	[0]
12520	[2]
12521	[0]
12523	[0]
12524	[1]
12525	[0]
12526	[1]
12534	[2]
12535	[1]
12537	[2]
12538	[0]
12541	[0]
12542	[0]
12543	[0]
12544	[1]
12546	[0]
12560	[0]
12561	[0]
12564	[0]
12565	[1]
12567	[0]
12570	[0]
12574	[0]
12575	[0]
12576	[1]
12577	[1]
12581	[0]
12584	[0]
12586	[1]
12590	[2]
12591	[1]
12592	[1]
12593	[0]
12594	[1]
12595	[0]
12596	[0]
12601	[0]
12605	[0]
12606	[1]
12607	[0]
12613	[0]
12614	[0]
12616	[0]
12617	[3]
12621	[0]
12624	[1]
12631	[3]
12636	[0]
12638	[0]
12640	[0]
12641	[0]
12645	[0]
12653	[0]
12654	[0]
12655	[1]
12660	[1]
12661	[0]
12663	[0]
12664	[0]
12666	[0]
12669	[1]
12673	[0]
12674	[1]
12685	[0]
12687	[0]
12689	[0]
12691	[0]
12692	[1]
12695	[0]
12696	[4]
12697	[0]
12698	[0]
12701	[0]
12702	[0]
12706	[2]
12708	[0]
12710	[0]
12713	[0]
12714	[0]
12716	[1]
12718	[0]
12723	[0]
12725	[1]
12727	[0]
12737	[0]
12739	[0]
12741	[0]
12742	[0]
12744	[0]
12751	[0]
12753	[0]
12757	[0]
12762	[0]
12764	[1]
12766	[1]
12769	[1]
12772	[0]
12773	[0]
12779	[0]
12781	[3]
12782	[0]
12785	[0]
12786	[0]
12787	[1]
12790	[0]
12791	[2]
12801	[0]
12804	[0]
12805	[0]
12814	[1]
12816	[0]
12817	[0]
12824	[1]
12826	[2]
12828	[0]
12833	[1]
12837	[2]
12838	[0]
12840	[0]
12841	[0]
12842	[0]
12843	[0]
12850	[2]
12852	[0]
12853	[0]
12854	[1]
12855	[0]
12859	[2]
12864	[0]
12866	[0]
12871	[0]
12872	[0]
12873	[0]
12880	[0]
12884	[0]
12885	[1]
12888	[2]
12889	[0]
12893	[0]
12898	[0]
12902	[3]
12903	[1]
12904	[0]
12905	[1]
12910	[0]
12912	[0]
12913	[1]
12915	[3]
12919	[0]
12920	[0]
12923	[0]
12924	[1]
12925	[0]
12926	[0]
12927	[1]
12929	[0]
12934	[0]
12935	[1]
12936	[0]
12938	[0]
12939	[0]
12940	[0]
12941	[0]
12948	[2]
12951	[0]
12953	[1]
12954	[0]
12958	[2]
12959	[2]
12962	[0]
12963	[3]
12964	[5]
12979	[0]
12980	[1]
12981	[0]
12983	[0]
12985	[0]
12986	[1]
12987	[0]
12989	[2]
12990	[1]
12995	[2]
12996	[0]
12999	[0]
13000	[0]
13001	[0]
13003	[0]
13006	[0]
13007	[1]
13013	[0]
13014	[1]
13018	[0]
13019	[2]
13021	[1]
13026	[0]
13028	[0]
13032	[0]
13034	[0]
13038	[1]
13039	[0]
13042	[0]
13045	[0]
13046	[0]
13050	[0]
13054	[0]
13060	[0]
13062	[0]
13067	[0]
13068	[0]
13069	[1]
13072	[0]
13076	[0]
13077	[0]
13079	[0]
13080	[0]
13081	[0]
13083	[1]
13085	[0]
13087	[0]
13088	[0]
13090	[1]
13092	[0]
13095	[0]
13096	[0]
13097	[1]
13098	[0]
13107	[2]
13111	[0]
13112	[0]
13113	[0]
13114	[0]
13115	[0]
13119	[0]
13123	[0]
13126	[0]
13128	[1]
13129	[0]
13133	[1]
13136	[0]
13137	[0]
13138	[0]
13139	[0]
13142	[0]
13144	[0]
13145	[0]
13146	[0]
13147	[0]
13148	[1]
13150	[0]
13152	[1]
13153	[0]
13155	[0]
13157	[0]
13158	[0]
13159	[0]
13160	[0]
13164	[0]
13166	[0]
13172	[0]
13176	[1]
13177	[0]
13180	[0]
13182	[2]
13184	[1]
13187	[0]
13188	[0]
13190	[1]
13191	[0]
13192	[0]
13196	[0]
13199	[2]
13205	[2]
13210	[0]
13214	[0]
13215	[0]
13218	[0]
13220	[0]
13221	[0]
13227	[0]
13231	[1]
13232	[2]
13233	[0]
13234	[0]
13235	[0]
13240	[0]
13241	[0]
13243	[1]
13245	[2]
13249	[1]
13254	[0]
13255	[0]
13259	[2]
13260	[0]
13261	[0]
13263	[0]
13268	[0]
13274	[0]
13275	[0]
13277	[0]
13281	[1]
13283	[7]
13298	[1]
13299	[0]
13300	[0]
13302	[2]
13305	[0]
13307	[0]
13310	[1]
13314	[0]
13315	[0]
13316	[1]
13321	[0]
13322	[0]
13323	[0]
13324	[0]
13327	[0]
13331	[1]
13336	[0]
13337	[0]
13339	[0]
13348	[3]
13349	[0]
13352	[0]
13354	[0]
13360	[0]
13364	[0]
13365	[0]
13370	[0]
13372	[1]
13374	[0]
13378	[0]
13381	[2]
13384	[1]
13385	[0]
13387	[0]
13393	[0]
13395	[0]
13397	[0]
13399	[0]
13400	[2]
13401	[0]
13403	[0]
13405	[0]
13413	[0]
13414	[0]
13415	[0]
13418	[0]
13423	[2]
13425	[0]
13430	[0]
13436	[0]
13438	[0]
13440	[4]
13443	[2]
13446	[0]
13447	[0]
13449	[2]
13456	[0]
13458	[0]
13459	[0]
13460	[0]
13461	[2]
13463	[1]
13464	[4]
13469	[0]
13470	[0]
13471	[1]
13472	[0]
13473	[0]
13474	[2]
13475	[1]
13477	[0]
13479	[0]
13485	[0]
13486	[0]
13487	[0]
13492	[1]
13497	[0]
13499	[0]
13504	[0]
13507	[1]
13510	[0]
13520	[0]
13524	[0]
13526	[0]
13528	[2]
13530	[0]
13531	[0]
13532	[0]
13536	[0]
13545	[0]
13546	[0]
13549	[1]
13550	[0]
13551	[0]
13554	[0]
13561	[0]
13564	[0]
13568	[0]
13571	[2]
13576	[0]
13577	[0]
13578	[2]
13580	[0]
13583	[0]
13585	[1]
13589	[1]
13595	[0]
13597	[0]
13599	[0]
13602	[5]
13605	[0]
13614	[1]
13617	[0]
13620	[0]
13622	[0]
13623	[1]
13628	[0]
13629	[0]
13630	[0]
13631	[0]
13632	[0]
13633	[0]
13635	[0]
13636	[0]
13642	[2]
13644	[0]
13649	[0]
13652	[0]
13655	[1]
13657	[0]
13658	[1]
13659	[1]
13660	[0]
13662	[1]
13663	[1]
13668	[0]
13670	[0]
13673	[0]
13677	[0]
13680	[1]
13682	[1]
13687	[0]
13696	[0]
13698	[0]
13699	[0]
13700	[0]
13702	[0]
13708	[0]
13710	[0]
13711	[0]
13713	[0]
13715	[0]
13716	[0]
13717	[0]
13724	[1]
13726	[0]
13728	[0]
13729	[0]
13730	[0]
13732	[1]
13734	[0]
13735	[0]
13736	[0]
13738	[0]
13740	[0]
13741	[0]
13742	[0]
13747	[1]
13749	[1]
13751	[0]
13753	[1]
13757	[0]
13759	[0]
13761	[0]
13763	[1]
13765	[0]
13769	[0]
13770	[2]
13777	[0]
13778	[0]
13779	[1]
13780	[2]
13781	[1]
13793	[0]
13794	[1]
13795	[0]
13796	[0]
13797	[0]
13798	[0]
13799	[0]
13805	[0]
13809	[0]
13810	[1]
13811	[0]
13814	[1]
13815	[0]
13822	[1]
13823	[0]
13824	[3]
13825	[1]
13828	[0]
13829	[0]
13830	[0]
13833	[0]
13842	[0]
13845	[0]
13851	[0]
13852	[0]
13860	[1]
13863	[1]
13864	[0]
13866	[0]
13867	[0]
13869	[0]
13872	[1]
13873	[0]
13875	[0]
13876	[1]
13877	[1]
13878	[1]
13881	[1]
13887	[0]
13889	[0]
13893	[0]
13894	[0]
13901	[0]
13914	[0]
13919	[2]
13923	[5]
13924	[0]
13925	[1]
13926	[1]
13931	[0]
13934	[0]
13936	[0]
13940	[1]
13941	[0]
13942	[0]
13946	[0]
13949	[1]
13957	[2]
13958	[0]
13960	[0]
13961	[2]
13962	[1]
13966	[0]
13967	[1]
13968	[1]
13970	[1]
13974	[1]
13975	[0]
13976	[0]
13979	[0]
13980	[0]
13981	[1]
13982	[1]
13985	[3]
13986	[2]
13992	[0]
13993	[0]
13994	[0]
13995	[0]
13997	[0]
14000	[0]
14003	[0]
14004	[0]
14007	[0]
14009	[0]
14018	[0]
14025	[1]
14027	[0]
14029	[1]
14031	[0]
14033	[0]
14037	[0]
14040	[1]
14045	[1]
14046	[0]
14047	[0]
14049	[0]
14051	[8]
14053	[0]
14055	[1]
14056	[0]
14059	[0]
14061	[1]
14062	[1]
14064	[0]
14065	[1]
14070	[2]
14076	[2]
14084	[1]
14089	[4]
14090	[0]
14095	[3]
14096	[0]
14102	[2]
14103	[0]
14105	[0]
14106	[1]
14107	[0]
14112	[2]
14113	[0]
14116	[0]
14117	[1]
14118	[0]
14119	[2]
14120	[0]
14121	[1]
14123	[0]
14127	[0]
14128	[0]
14129	[1]
14132	[0]
14136	[0]
14137	[1]
14139	[0]
14143	[2]
14145	[0]
14149	[0]
14152	[0]
14154	[0]
14155	[0]
14157	[1]
14164	[0]
14166	[1]
14167	[0]
14172	[1]
14173	[1]
14176	[0]
14177	[4]
14178	[0]
14181	[1]
14183	[1]
14184	[0]
14185	[0]
14188	[0]
14190	[1]
14194	[0]
14196	[0]
14198	[0]
14202	[0]
14207	[0]
14208	[0]
14209	[0]
14212	[1]
14216	[0]
14217	[0]
14218	[0]
14219	[0]
14221	[0]
14224	[0]
14227	[0]
14228	[0]
14230	[3]
14232	[0]
14233	[3]
14235	[0]
14239	[3]
14240	[0]
14244	[0]
14246	[1]
14247	[0]
14257	[0]
14260	[0]
14261	[1]
14263	[0]
14265	[0]
14266	[1]
14269	[1]
14271	[0]
14274	[0]
14277	[0]
14280	[0]
14282	[0]
14285	[1]
14290	[0]
14291	[0]
14292	[1]
14293	[1]
14296	[3]
14297	[0]
14299	[0]
14300	[2]
14301	[0]
14305	[0]
14307	[1]
14310	[0]
14313	[1]
14314	[0]
14318	[1]
14322	[1]
14323	[0]
14324	[3]
14326	[1]
14327	[0]
14331	[0]
14336	[1]
14338	[2]
14339	[1]
14343	[0]
14348	[0]
14349	[1]
14350	[0]
14351	[0]
14356	[0]
14357	[0]
14359	[0]
14363	[1]
14365	[0]
14367	[0]
14372	[0]
14380	[0]
14382	[0]
14384	[0]
14385	[0]
14386	[0]
14389	[1]
14391	[1]
14394	[0]
14396	[0]
14399	[0]
14400	[0]
14402	[0]
14403	[0]
14408	[0]
14409	[0]
14415	[2]
14416	[1]
14417	[0]
14419	[1]
14420	[0]
14421	[0]
14423	[1]
14428	[1]
14433	[0]
14438	[0]
14439	[0]
14444	[0]
14446	[0]
14447	[0]
14448	[1]
14450	[1]
14451	[1]
14462	[0]
14466	[0]
14467	[2]
14472	[0]
14474	[0]
14475	[0]
14476	[0]
14477	[2]
14480	[1]
14481	[0]
14483	[1]
14485	[0]
14488	[0]
14489	[0]
14491	[0]
14495	[1]
14497	[0]
14498	[0]
14501	[0]
14509	[0]
14510	[2]
14519	[0]
14521	[0]
14526	[0]
14528	[1]
14531	[0]
14534	[1]
14536	[1]
14537	[0]
14538	[0]
14540	[0]
14544	[0]
14546	[0]
14548	[0]
14550	[2]
14551	[0]
14553	[0]
14554	[0]
14555	[0]
14558	[0]
14559	[0]
14560	[0]
14561	[0]
14568	[1]
14570	[1]
14573	[0]
14577	[0]
14584	[0]
14587	[2]
14588	[0]
14594	[0]
14598	[0]
14599	[1]
14600	[0]
14601	[0]
14602	[1]
14603	[1]
14604	[2]
14608	[2]
14613	[0]
14617	[0]
14620	[0]
14622	[0]
14623	[1]
14635	[1]
14636	[1]
14637	[0]
14638	[0]
14640	[0]
14642	[0]
14648	[1]
14649	[0]
14651	[0]
14654	[0]
14655	[0]
14661	[1]
14662	[0]
14668	[0]
14672	[0]
14673	[1]
14674	[0]
14676	[0]
14681	[1]
14682	[0]
14689	[0]
14690	[0]
14691	[1]
14695	[0]
14697	[0]
14699	[1]
14700	[0]
14701	[0]
14702	[1]
14705	[0]
14708	[0]
14711	[0]
14713	[0]
14714	[1]
14715	[0]
14718	[1]
14719	[0]
14722	[0]
14723	[0]
14728	[0]
14729	[0]
14732	[1]
14736	[0]
14740	[1]
14742	[0]
14743	[0]
14747	[1]
14749	[1]
14753	[0]
14756	[0]
14757	[0]
14759	[0]
14762	[0]
14764	[0]
14771	[0]
14773	[0]
14775	[0]
14776	[0]
14779	[0]
14781	[2]
14783	[1]
14785	[0]
14786	[0]
14788	[1]
14790	[0]
14791	[0]
14794	[2]
14796	[0]
14799	[0]
14805	[1]
14808	[0]
14809	[0]
14815	[0]
14816	[0]
14817	[0]
14819	[1]
14822	[2]
14827	[0]
14830	[0]
14831	[1]
14832	[0]
14834	[0]
14835	[0]
14839	[3]
14841	[0]
14843	[0]
14847	[1]
14848	[0]
14853	[0]
14854	[0]
14857	[2]
14858	[2]
14860	[0]
14861	[0]
14862	[0]
14866	[0]
14868	[0]
14869	[0]
14871	[0]
14873	[1]
14875	[0]
14882	[0]
14885	[0]
14887	[0]
14893	[0]
14894	[0]
14895	[1]
14902	[0]
14904	[0]
14905	[0]
14906	[0]
14907	[0]
14909	[1]
14910	[1]
14918	[3]
14923	[0]
14926	[2]
14941	[1]
14942	[0]
14944	[1]
14945	[1]
14946	[0]
14947	[0]
14948	[1]
14949	[2]
14953	[0]
14956	[0]
14959	[0]
14963	[0]
14964	[0]
14969	[0]
14970	[0]
14972	[1]
14979	[2]
14980	[0]
14982	[0]
14985	[0]
14987	[0]
14992	[0]
14994	[0]
14995	[0]
14999	[0]
15004	[0]
15006	[0]
15009	[0]
15012	[2]
15013	[0]
15014	[0]
15015	[0]
15017	[1]
15019	[0]
15026	[1]
15027	[0]
15028	[0]
15038	[1]
15040	[1]
15041	[0]
15042	[0]
15046	[0]
15047	[0]
15051	[0]
15052	[1]
15054	[0]
15056	[0]
15060	[2]
15062	[0]
15064	[2]
15068	[1]
15071	[0]
15072	[3]
15075	[0]
15076	[0]
15078	[0]
15079	[0]
15082	[0]
15086	[0]
15087	[0]
15091	[1]
15094	[0]
15097	[0]
15099	[1]
15100	[0]
15102	[0]
15104	[1]
15105	[0]
15106	[2]
15109	[0]
15113	[2]
15114	[0]
15115	[0]
15120	[0]
15127	[1]
15131	[0]
15133	[0]
15134	[0]
15135	[0]
15137	[0]
15142	[4]
15143	[0]
15145	[0]
15148	[0]
15151	[1]
15153	[1]
15154	[1]
15156	[1]
15161	[0]
15162	[0]
15166	[3]
15169	[0]
15171	[0]
15172	[0]
15179	[0]
15187	[1]
15192	[0]
15193	[0]
15195	[1]
15197	[0]
15198	[0]
15199	[1]
15201	[1]
15202	[0]
15212	[0]
15214	[1]
15221	[0]
15222	[0]
15224	[0]
15225	[0]
15227	[0]
15228	[0]
15233	[0]
15236	[0]
15242	[0]
15246	[1]
15251	[0]
15252	[0]
15255	[2]
15257	[0]
15262	[0]
15265	[1]
15268	[1]
15270	[0]
15272	[1]
15275	[1]
15276	[0]
15277	[1]
15279	[0]
15280	[0]
15281	[0]
15285	[0]
15286	[0]
15288	[0]
15289	[0]
15298	[0]
15301	[0]
15303	[1]
15304	[1]
15305	[2]
15306	[0]
15307	[2]
15310	[0]
15311	[2]
15318	[1]
15324	[0]
15327	[0]
15334	[0]
15337	[0]
15340	[0]
15342	[0]
15343	[0]
15347	[1]
15348	[1]
15356	[1]
15362	[0]
15370	[1]
15375	[0]
15381	[0]
15383	[0]
15384	[0]
15392	[0]
15396	[0]
15399	[0]
15400	[1]
15402	[0]
15412	[1]
15413	[0]
15414	[0]
15415	[1]
15421	[0]
15423	[0]
15427	[1]
15430	[0]
15432	[0]
15435	[1]
15438	[0]
15440	[0]
15441	[1]
15443	[2]
15446	[0]
15447	[2]
15448	[0]
15449	[0]
15451	[0]
15453	[2]
15454	[0]
15455	[1]
15458	[0]
15462	[0]
15465	[0]
15466	[0]
15468	[0]
15470	[1]
15471	[0]
15473	[0]
15477	[0]
15480	[0]
15481	[2]
15482	[0]
15483	[0]
15484	[0]
15491	[0]
15493	[2]
15495	[1]
15497	[0]
15499	[1]
15504	[0]
15507	[0]
15514	[0]
15517	[0]
15519	[0]
15521	[0]
15529	[0]
15531	[0]
15533	[2]
15536	[0]
15538	[0]
15539	[1]
15541	[0]
15543	[0]
15544	[0]
15545	[1]
15547	[1]
15549	[0]
15550	[0]
15552	[0]
15553	[0]
15562	[0]
15566	[2]
15575	[0]
15578	[0]
15581	[1]
15583	[0]
15584	[0]
15589	[2]
15591	[0]
15592	[0]
15594	[0]
15597	[0]
15600	[0]
15602	[1]
15607	[0]
15608	[0]
15609	[1]
15610	[0]
15611	[1]
15613	[0]
15615	[0]
15618	[5]
15620	[0]
15622	[2]
15626	[1]
15627	[0]
15628	[0]
15631	[0]
15638	[0]
15641	[0]
15647	[0]
15648	[0]
15653	[0]
15655	[0]
15660	[0]
15661	[2]
15662	[1]
15665	[0]
15670	[1]
15674	[0]
15678	[1]
15681	[0]
15684	[1]
15685	[0]
15686	[0]
15687	[2]
15689	[0]
15692	[1]
15694	[0]
15695	[1]
15696	[0]
15705	[0]
15706	[2]
15707	[0]
15708	[0]
15710	[0]
15711	[0]
15713	[1]
15718	[0]
15720	[0]
15723	[0]
15725	[2]
15726	[3]
15730	[0]
15735	[0]
15736	[1]
15739	[0]
15740	[2]
15742	[0]
15744	[0]
15746	[0]
15747	[1]
15749	[1]
15750	[0]
15759	[0]
15760	[2]
15764	[1]
15765	[0]
15766	[0]
15768	[0]
15770	[0]
15772	[1]
15775	[0]
15776	[0]
15781	[7]
15783	[0]
15785	[0]
15786	[0]
15790	[0]
15792	[0]
15794	[0]
15796	[0]
15798	[2]
15799	[0]
15801	[0]
15814	[0]
15815	[0]
15822	[1]
15824	[0]
15827	[0]
15829	[0]
15830	[0]
15832	[1]
15836	[0]
15840	[5]
15843	[0]
15847	[1]
15851	[0]
15852	[0]
15853	[1]
15859	[0]
15862	[1]
15864	[0]
15869	[0]
15873	[0]
15874	[0]
15875	[0]
15877	[0]
15879	[1]
15880	[0]
15881	[0]
15883	[0]
15886	[3]
15887	[0]
15889	[0]
15891	[2]
15893	[1]
15894	[1]
15898	[1]
15899	[0]
15902	[0]
15905	[0]
15915	[1]
15921	[0]
15923	[0]
15924	[0]
15926	[1]
15932	[0]
15934	[1]
15937	[0]
15938	[0]
15941	[2]
15944	[0]
15946	[0]
15949	[0]
15950	[0]
15951	[0]
15957	[0]
15958	[0]
15960	[2]
15961	[0]
15962	[0]
15963	[1]
15964	[2]
15965	[3]
15966	[0]
15967	[0]
15978	[1]
15979	[0]
15981	[4]
15983	[0]
15985	[0]
15988	[0]
15989	[2]
15994	[0]
16000	[0]
16001	[0]
16002	[0]
16003	[2]
16004	[0]
16008	[1]
16010	[1]
16014	[2]
16015	[0]
16017	[0]
16021	[0]
16025	[0]
16026	[1]
16031	[1]
16038	[0]
16044	[0]
16046	[0]
16047	[0]
16050	[0]
16051	[1]
16061	[0]
16062	[0]
16064	[2]
16066	[1]
16071	[1]
16072	[0]
16073	[0]
16074	[1]
16075	[1]
16076	[0]
16079	[0]
16080	[0]
16086	[0]
16087	[0]
16088	[0]
16090	[0]
16092	[0]
16093	[0]
16095	[2]
16097	[1]
16098	[1]
16100	[0]
16101	[0]
16111	[0]
16113	[2]
16114	[0]
16115	[1]
16116	[1]
16118	[0]
16120	[0]
16127	[0]
16129	[0]
16131	[0]
16134	[0]
16136	[1]
16137	[1]
16141	[0]
16143	[0]
16146	[0]
16150	[3]
16151	[1]
16152	[1]
16153	[0]
16158	[1]
16161	[0]
16162	[3]
16163	[3]
16165	[0]
16168	[0]
16169	[0]
16171	[0]
16173	[2]
16175	[0]
16179	[0]
16187	[1]
16188	[3]
16192	[1]
16194	[0]
16196	[0]
16199	[0]
16200	[0]
16202	[0]
16203	[0]
16204	[0]
16205	[0]
16206	[1]
16207	[0]
16212	[0]
16217	[3]
16219	[0]
16222	[0]
16229	[1]
16230	[0]
16233	[0]
16240	[1]
16245	[0]
16247	[1]
16249	[0]
16256	[0]
16260	[0]
16261	[0]
16262	[1]
16263	[0]
16264	[3]
16265	[3]
16268	[1]
16271	[1]
16286	[1]
16288	[0]
16290	[0]
16291	[0]
16292	[0]
16294	[0]
16295	[1]
16296	[0]
16299	[1]
16301	[0]
16304	[1]
16307	[0]
16309	[0]
16310	[0]
16312	[0]
16313	[0]
16314	[0]
16315	[0]
16318	[1]
16319	[0]
16320	[2]
16321	[1]
16322	[0]
16325	[1]
16329	[0]
16332	[0]
16335	[0]
16337	[4]
16340	[2]
16341	[0]
16342	[2]
16348	[0]
16350	[0]
16355	[0]
16357	[2]
16361	[0]
16362	[1]
16363	[1]
16367	[0]
16368	[0]
16370	[0]
16371	[1]
16372	[1]
16374	[0]
16378	[0]
16379	[0]
16382	[0]
16385	[1]
16387	[1]
16397	[0]
16400	[2]
16401	[0]
16402	[2]
16404	[0]
16407	[0]
16408	[0]
16411	[0]
16412	[0]
16418	[0]
16419	[3]
16424	[0]
16428	[0]
16429	[1]
16430	[0]
16436	[0]
16438	[1]
16440	[0]
16442	[1]
16445	[2]
16447	[2]
16448	[1]
16451	[0]
16454	[2]
16458	[0]
16460	[1]
16464	[1]
16465	[0]
16467	[0]
16469	[0]
16471	[1]
16472	[0]
16476	[4]
16480	[1]
16482	[0]
16483	[0]
16486	[0]
16488	[0]
16491	[0]
16492	[0]
16502	[0]
16505	[0]
16508	[0]
16511	[0]
16520	[0]
16521	[0]
16522	[0]
16525	[0]
16531	[0]
16533	[0]
16539	[1]
16545	[0]
16549	[1]
16551	[0]
16553	[1]
16556	[2]
16557	[0]
16561	[0]
16562	[0]
16563	[0]
16564	[1]
16568	[0]
16583	[0]
16585	[1]
16586	[1]
16597	[0]
16599	[2]
16600	[3]
16602	[0]
16603	[0]
16604	[0]
16606	[0]
16609	[0]
16610	[0]
16612	[1]
16613	[0]
16615	[0]
16616	[0]
16617	[0]
16619	[0]
16622	[0]
16625	[0]
16627	[0]
16628	[0]
16629	[0]
16630	[0]
16631	[0]
16632	[0]
16634	[1]
16637	[0]
16640	[0]
16641	[0]
16643	[0]
16644	[0]
16645	[0]
16647	[0]
16648	[1]
16653	[0]
16654	[2]
16655	[0]
16664	[1]
16665	[1]
16667	[0]
16669	[0]
16670	[0]
16672	[0]
16673	[0]
16677	[0]
16678	[0]
16679	[0]
16682	[0]
16683	[1]
16684	[0]
16685	[0]
16687	[0]
16688	[0]
16692	[0]
16696	[0]
16700	[0]
16702	[1]
16705	[1]
16710	[1]
16713	[1]
16714	[0]
16718	[1]
16722	[1]
16726	[0]
16728	[0]
16732	[1]
16737	[0]
16738	[0]
16741	[1]
16743	[0]
16747	[1]
16749	[0]
16754	[0]
16765	[0]
16767	[1]
16768	[0]
16769	[0]
16770	[2]
16781	[0]
16785	[0]
16789	[0]
16795	[0]
16797	[1]
16801	[0]
16803	[0]
16804	[0]
16807	[0]
16810	[0]
16811	[0]
16812	[1]
16814	[0]
16819	[3]
16822	[0]
16824	[2]
16825	[0]
16832	[0]
16840	[1]
16841	[1]
16842	[0]
16843	[0]
16846	[0]
16850	[0]
16859	[0]
16861	[0]
16862	[0]
16863	[0]
16867	[0]
16868	[0]
16870	[0]
16872	[1]
16873	[0]
16874	[0]
16875	[0]
16877	[0]
16878	[0]
16879	[0]
16881	[1]
16883	[1]
16887	[0]
16888	[1]
16889	[1]
16890	[1]
16891	[0]
16894	[1]
16900	[2]
16903	[2]
16904	[2]
16905	[1]
16909	[0]
16911	[1]
16916	[0]
16917	[0]
16919	[0]
16924	[1]
16925	[0]
16927	[0]
16929	[1]
16930	[0]
16932	[0]
16935	[0]
16936	[0]
16937	[0]
16942	[0]
16943	[0]
16945	[0]
16947	[0]
16950	[0]
16952	[0]
16953	[2]
16954	[0]
16955	[0]
16958	[1]
16959	[0]
16960	[0]
16961	[0]
16962	[2]
16964	[0]
16966	[0]
16967	[0]
16968	[0]
16969	[0]
16973	[0]
16978	[0]
16979	[0]
16983	[0]
16987	[1]
16988	[1]
16990	[0]
16993	[0]
16997	[0]
17002	[0]
17010	[0]
17012	[1]
17017	[0]
17018	[1]
17021	[1]
17022	[0]
17023	[2]
17026	[0]
17033	[0]
17034	[0]
17035	[0]
17038	[0]
17039	[0]
17040	[0]
17043	[3]
17044	[0]
17046	[3]
17049	[0]
17052	[1]
17057	[0]
17059	[0]
17071	[3]
17073	[0]
17076	[0]
17079	[0]
17082	[0]
17086	[0]
17087	[1]
17088	[2]
17091	[0]
17093	[0]
17094	[0]
17097	[0]
17098	[0]
17102	[0]
17104	[0]
17106	[0]
17107	[0]
17109	[2]
17113	[0]
17118	[0]
17120	[0]
17121	[0]
17123	[0]
17126	[0]
17127	[1]
17129	[0]
17130	[3]
17139	[1]
17140	[0]
17141	[1]
17143	[0]
17147	[0]
17149	[0]
17151	[1]
17153	[1]
17155	[0]
17161	[0]
17163	[0]
17165	[1]
17166	[2]
17170	[1]
17172	[0]
17178	[0]
17182	[0]
17185	[0]
17187	[0]
17188	[1]
17189	[1]
17190	[1]
17191	[0]
17193	[0]
17195	[0]
17201	[0]
17202	[0]
17203	[0]
17209	[2]
17210	[0]
17214	[0]
17217	[0]
17219	[0]
17220	[1]
17221	[2]
17222	[0]
17228	[0]
17233	[1]
17234	[0]
17235	[1]
17238	[0]
17239	[0]
17241	[1]
17242	[2]
17246	[1]
17248	[0]
17251	[0]
17252	[0]
17253	[0]
17254	[1]
17255	[1]
17256	[0]
17264	[0]
17269	[0]
17279	[0]
17281	[2]
17282	[0]
17283	[0]
17284	[0]
17295	[0]
17297	[0]
17298	[0]
17299	[0]
17300	[0]
17308	[1]
17311	[0]
17313	[1]
17318	[0]
17321	[1]
17322	[1]
17324	[0]
17325	[2]
17326	[0]
17327	[0]
17330	[0]
17334	[0]
17335	[1]
17337	[0]
17343	[1]
17350	[0]
17351	[1]
17352	[0]
17354	[4]
17356	[1]
17360	[0]
17362	[0]
17367	[0]
17372	[0]
17373	[0]
17374	[0]
17375	[1]
17377	[2]
17379	[0]
17382	[0]
17384	[0]
17386	[0]
17391	[1]
17392	[1]
17396	[0]
17401	[0]
17402	[1]
17406	[0]
17407	[0]
17409	[0]
17411	[0]
17412	[0]
17415	[0]
17417	[0]
17422	[0]
17423	[0]
17425	[1]
17426	[2]
17427	[0]
17431	[0]
17433	[0]
17434	[0]
17436	[2]
17439	[0]
17440	[0]
17441	[0]
17445	[1]
17446	[0]
17449	[0]
17450	[0]
17452	[0]
17455	[0]
17457	[0]
17460	[0]
17462	[0]
17463	[0]
17464	[0]
17466	[0]
17473	[0]
17475	[0]
17476	[0]
17478	[0]
17482	[0]
17485	[0]
17487	[0]
17488	[0]
17489	[0]
17493	[3]
17495	[1]
17497	[0]
17498	[0]
17501	[0]
17502	[1]
17503	[2]
17505	[4]
17506	[0]
17507	[0]
17509	[0]
17511	[0]
17517	[1]
17518	[2]
17520	[0]
17522	[1]
17523	[0]
17525	[0]
17526	[1]
17534	[1]
17535	[0]
17536	[0]
17538	[1]
17539	[0]
17547	[0]
17548	[1]
17549	[0]
17550	[0]
17552	[2]
17557	[0]
17558	[0]
17562	[0]
17565	[4]
17567	[0]
17568	[1]
17570	[1]
17574	[0]
17577	[0]
17578	[0]
17580	[0]
17585	[0]
17588	[2]
17593	[0]
17594	[1]
17597	[0]
17600	[1]
17601	[1]
17603	[0]
17604	[0]
17607	[0]
17609	[0]
17610	[0]
17611	[0]
17615	[0]
17619	[0]
17620	[0]
17627	[1]
17628	[0]
17635	[0]
17637	[0]
17638	[0]
17640	[3]
17641	[1]
17642	[0]
17643	[0]
17646	[0]
17647	[1]
17654	[0]
17656	[0]
17657	[0]
17658	[1]
17659	[0]
17661	[0]
17662	[1]
17667	[0]
17669	[0]
17670	[0]
17673	[1]
17675	[5]
17676	[1]
17679	[0]
17680	[0]
17683	[1]
17685	[0]
17686	[0]
17688	[0]
17689	[1]
17691	[0]
17692	[0]
17697	[0]
17698	[3]
17699	[0]
17703	[0]
17709	[0]
17710	[2]
17711	[0]
17712	[1]
17713	[1]
17714	[0]
17716	[0]
17719	[3]
17724	[0]
17727	[1]
17729	[1]
17730	[0]
17732	[0]
17734	[0]
17736	[0]
17737	[0]
17743	[0]
17745	[0]
17751	[0]
17752	[1]
17753	[1]
17760	[0]
17761	[0]
17764	[1]
17766	[1]
17770	[3]
17771	[1]
17773	[0]
17774	[0]
17775	[0]
17777	[0]
17780	[0]
17781	[2]
17782	[0]
17784	[0]
17785	[0]
17786	[0]
17787	[0]
17790	[0]
17794	[1]
17795	[0]
17802	[0]
17805	[1]
17809	[0]
17812	[0]
17815	[0]
17818	[0]
17820	[1]
17823	[2]
17824	[1]
17826	[1]
17827	[1]
17828	[0]
17829	[0]
17832	[2]
17834	[2]
17835	[3]
17840	[1]
17841	[0]
17843	[0]
17844	[0]
17846	[1]
17848	[0]
17850	[2]
17851	[0]
17852	[2]
17853	[0]
17854	[0]
17855	[1]
17859	[0]
17860	[0]
17862	[0]
17864	[0]
17869	[0]
17870	[0]
17871	[1]
17872	[0]
17874	[2]
17876	[1]
17881	[0]
17882	[0]
17884	[0]
17885	[2]
17886	[1]
17892	[1]
17907	[0]
17911	[0]
17912	[0]
17913	[0]
17915	[0]
17916	[0]
17918	[1]
17920	[5]
17922	[0]
17923	[0]
17928	[0]
17930	[0]
17933	[1]
17942	[0]
17943	[1]
17947	[0]
17948	[0]
17949	[0]
17952	[3]
17957	[0]
17961	[0]
17963	[0]
17964	[0]
17966	[0]
17967	[0]
17970	[2]
17972	[1]
17974	[1]
17975	[0]
17976	[0]
17982	[0]
17983	[0]
17984	[0]
17987	[0]
17989	[0]
17992	[1]
17995	[0]
17999	[0]
18000	[0]
18001	[0]
18003	[0]
18007	[4]
18009	[1]
18016	[0]
18022	[0]
18029	[0]
18034	[0]
18036	[0]
18040	[2]
18041	[0]
18042	[0]
18043	[0]
18045	[0]
18048	[0]
18049	[1]
18052	[0]
18053	[0]
18054	[0]
18061	[0]
18063	[0]
18066	[0]
18067	[1]
18069	[0]
18072	[1]
18074	[1]
18078	[0]
18082	[0]
18086	[0]
18089	[0]
18090	[1]
18091	[4]
18094	[0]
18098	[0]
18101	[0]
18102	[1]
18104	[0]
18107	[0]
18112	[0]
18113	[1]
18114	[0]
18115	[3]
18119	[0]
18123	[0]
18126	[0]
18127	[0]
18130	[0]
18132	[0]
18133	[0]
18136	[0]
18137	[1]
18140	[0]
18141	[0]
18142	[1]
18146	[1]
18147	[0]
18149	[0]
18150	[0]
18151	[0]
18154	[1]
18163	[0]
18165	[0]
18170	[1]
18172	[0]
18176	[0]
18178	[0]
18180	[1]
18183	[1]
18188	[0]
18189	[0]
18190	[0]
18191	[0]
18192	[2]
18193	[0]
18197	[0]
18205	[3]
18210	[0]
18212	[1]
18214	[0]
18216	[0]
18218	[0]
18219	[0]
18221	[0]
18222	[0]
18223	[2]
18226	[0]
18228	[1]
18229	[0]
18231	[0]
18232	[1]
18233	[5]
18235	[0]
18236	[0]
18242	[1]
18246	[0]
18247	[1]
18249	[2]
18250	[0]
18251	[1]
18259	[0]
18261	[1]
18262	[0]
18269	[0]
18272	[0]
18274	[0]
18279	[0]
18280	[0]
18283	[1]
18284	[1]
18287	[0]
18288	[0]
18294	[0]
18295	[1]
18302	[0]
18303	[0]
18307	[0]
18309	[0]
18310	[0]
18314	[1]
18317	[0]
18320	[0]
18324	[0]
18328	[0]
18330	[0]
18334	[0]
18336	[0]
18337	[0]
18338	[0]
18342	[0]
18348	[1]
18352	[0]
18353	[0]
18358	[0]
18360	[0]
18361	[0]
18362	[0]
18363	[0]
18367	[0]
18369	[0]
18370	[0]
18371	[0]
18374	[0]
18379	[1]
18380	[0]
18381	[0]
18383	[1]
18384	[1]
18386	[1]
18387	[1]
18388	[0]
18391	[1]
18393	[0]
18396	[1]
18398	[1]
18399	[1]
18400	[0]
18402	[1]
18405	[0]
18406	[0]
18408	[0]
18410	[1]
18411	[2]
18415	[0]
18416	[0]
18417	[0]
18420	[1]
18425	[0]
18426	[0]
18428	[0]
18429	[2]
18435	[2]
18439	[3]
18442	[0]
18443	[0]
18444	[0]
18448	[0]
18449	[0]
18450	[0]
18453	[0]
18455	[0]
18456	[2]
18458	[1]
18460	[0]
18461	[0]
18462	[0]
18464	[0]
18467	[0]
18468	[0]
18471	[0]
18472	[1]
18475	[1]
18478	[1]
18479	[0]
18482	[0]
18483	[3]
18484	[0]
18491	[0]
18492	[0]
18494	[0]
18496	[0]
18498	[0]
18500	[1]
18502	[1]
18506	[1]
18508	[2]
18509	[0]
18512	[0]
18513	[0]
18514	[3]
18516	[0]
18517	[2]
18518	[1]
18519	[0]
18523	[1]
18524	[0]
18525	[0]
18526	[0]
18528	[1]
18529	[0]
18530	[0]
18531	[0]
18532	[0]
18533	[0]
18537	[2]
18538	[0]
18539	[0]
18543	[2]
18545	[0]
18547	[0]
18552	[0]
18554	[0]
18556	[0]
18557	[0]
18561	[0]
18563	[1]
18564	[4]
18566	[0]
18571	[0]
18572	[0]
18573	[0]
18578	[0]
18582	[0]
18584	[2]
18588	[2]
18590	[0]
18591	[0]
18593	[0]
18598	[0]
18599	[1]
18604	[4]
18605	[0]
18608	[0]
18610	[0]
18621	[0]
18623	[0]
18626	[2]
18627	[2]
18628	[0]
18631	[0]
18632	[0]
18634	[0]
18635	[1]
18636	[0]
18637	[0]
18641	[0]
18643	[0]
18645	[0]
18649	[0]
18653	[0]
18655	[0]
18660	[0]
18661	[1]
18666	[1]
18667	[0]
18668	[0]
18669	[0]
18670	[0]
18673	[0]
18676	[0]
18682	[0]
18694	[1]
18696	[1]
18700	[0]
18701	[3]
18703	[1]
18705	[0]
18709	[1]
18710	[0]
18713	[0]
18714	[3]
18716	[2]
18718	[0]
18719	[0]
18720	[0]
18726	[0]
18727	[0]
18729	[0]
18732	[0]
18733	[1]
18734	[0]
18735	[1]
18740	[0]
18741	[1]
18744	[1]
18745	[0]
18750	[0]
18754	[0]
18755	[0]
18759	[0]
18762	[0]
18763	[1]
18764	[0]
18765	[0]
18766	[0]
18767	[2]
18768	[0]
18777	[0]
18784	[0]
18785	[1]
18786	[1]
18794	[1]
18798	[1]
18803	[1]
18805	[0]
18809	[1]
18811	[0]
18813	[1]
18817	[0]
18819	[1]
18820	[0]
18823	[0]
18824	[0]
18828	[2]
18831	[0]
18832	[0]
18833	[0]
18834	[1]
18836	[0]
18841	[0]
18847	[0]
18848	[0]
18849	[0]
18850	[0]
18853	[0]
18854	[0]
18860	[0]
18861	[1]
18864	[3]
18866	[1]
18869	[0]
18873	[1]
18875	[1]
18876	[0]
18877	[0]
18880	[0]
18884	[1]
18885	[0]
18886	[0]
18887	[0]
18889	[0]
18893	[0]
18894	[1]
18896	[0]
18898	[0]
18901	[1]
18903	[0]
18909	[0]
18910	[0]
18913	[0]
18917	[0]
18918	[1]
18919	[0]
18921	[0]
18922	[0]
18929	[0]
18931	[0]
18932	[0]
18935	[1]
18936	[0]
18940	[2]
18941	[1]
18944	[0]
18946	[2]
18949	[1]
18952	[1]
18956	[0]
18957	[1]
18961	[1]
18962	[0]
18965	[0]
18966	[0]
18967	[0]
18968	[0]
18969	[0]
18973	[0]
18979	[2]
18980	[0]
18983	[1]
18984	[0]
18990	[0]
18993	[1]
18996	[0]
18998	[0]
18999	[0]
19001	[0]
19002	[0]
19003	[0]
19005	[0]
19006	[2]
19008	[0]
19009	[0]
19013	[0]
19014	[0]
19017	[1]
19018	[2]
19019	[1]
19024	[1]
19027	[0]
19028	[1]
19030	[0]
19031	[2]
19032	[0]
19033	[1]
19035	[1]
19038	[0]
19039	[0]
19041	[0]
19045	[0]
19046	[0]
19049	[0]
19052	[0]
19053	[0]
19058	[0]
19061	[1]
19066	[0]
19083	[1]
19117	[0]
19130	[0]
19134	[4]
19136	[1]
19141	[0]
19143	[0]
19146	[0]
19158	[0]
19160	[0]
19170	[0]
19263	[1]
19280	[2]
19284	[0]
19313	[0]
19320	[0]
19324	[1]
19326	[2]
19331	[0]
19338	[1]
19344	[0]
19350	[1]
19353	[0]
19387	[1]
19389	[0]
19410	[0]
19462	[0]
19499	[0]
19505	[0]
19524	[0]
19549	[0]
19551	[0]
19553	[2]
19569	[0]
19579	[0]
19593	[0]
19624	[1]
19631	[0]
19641	[2]
19666	[1]
19677	[0]
19683	[1]
19701	[0]
19709	[1]
19715	[0]
19721	[1]
19733	[1]
19736	[1]
19784	[1]
19797	[0]
19802	[0]
19827	[0]
19841	[0]
19845	[5]
19847	[1]
19849	[0]
19853	[3]
19861	[0]
19867	[0]
19887	[0]
19898	[0]
19931	[0]
19934	[0]
19958	[2]
19968	[1]
19971	[0]
20003	[0]
20012	[0]
20046	[2]
20053	[1]
20059	[0]
20073	[0]
20097	[0]
20105	[0]
20113	[1]
20117	[0]
20132	[0]
20135	[0]
20158	[0]
20167	[0]
20171	[1]
20192	[0]
20195	[2]
20200	[4]
20212	[0]
20213	[0]
20215	[2]
20245	[1]
20248	[0]
20254	[0]
20256	[1]
20266	[1]
20267	[0]
20268	[1]
20270	[0]
20301	[0]
20306	[0]
20314	[2]
20320	[0]
20324	[0]
20336	[3]
20346	[1]
20349	[0]
20373	[0]
20374	[0]
20382	[1]
20424	[0]
20452	[0]
20454	[3]
20460	[0]
20469	[0]
20490	[2]
20499	[0]
20510	[0]
20515	[0]
20520	[0]
20537	[3]
20542	[0]
20563	[0]
20575	[0]
20586	[1]
20588	[2]
20592	[1]
20595	[0]
20596	[0]
20609	[1]
20614	[1]
20618	[0]
20623	[2]
20633	[1]
20651	[0]
20652	[0]
20689	[1]
20703	[1]
20709	[0]
20716	[2]
20721	[0]
20729	[0]
20731	[0]
20775	[0]
20776	[3]
20799	[0]
20814	[0]
20819	[1]
20824	[0]
20842	[0]
20851	[0]
20859	[1]
20873	[0]
20877	[0]
20911	[0]
20922	[0]
20938	[0]
20948	[0]
20949	[0]
20970	[0]
20989	[0]
21015	[0]
21017	[0]
21039	[0]
21041	[1]
21049	[0]
21068	[0]
21071	[2]
21108	[1]
21114	[0]
21117	[0]
21124	[1]
21146	[0]
21149	[0]
21153	[0]
21155	[0]
21159	[1]
21161	[1]
21164	[0]
21175	[0]
21178	[0]
21180	[0]
21199	[1]
21205	[0]
21235	[0]
21254	[0]
21262	[0]
21285	[0]
21312	[0]
21315	[0]
21321	[0]
21354	[0]
21412	[0]
21416	[0]
21425	[0]
21432	[0]
21445	[1]
21448	[0]
21473	[2]
21476	[0]
21515	[0]
21538	[0]
21540	[2]
21544	[1]
21561	[0]
21581	[0]
21586	[1]
21593	[0]
21605	[0]
21606	[0]
21608	[0]
21623	[0]
21633	[0]
21651	[0]
21663	[2]
21680	[0]
21684	[0]
21690	[0]
21701	[0]
21728	[0]
21755	[0]
21756	[0]
21758	[1]
21774	[1]
21788	[1]
21791	[1]
21806	[1]
21812	[0]
21815	[0]
21819	[1]
21823	[0]
21824	[0]
21833	[0]
21844	[0]
21853	[0]
21855	[0]
21882	[1]
21890	[0]
21895	[2]
21915	[0]
21922	[0]
21930	[0]
21934	[0]
21937	[2]
21940	[0]
21942	[0]
21958	[0]
21960	[2]
21976	[0]
21986	[0]
21989	[0]
21994	[1]
21999	[2]
22011	[3]
22027	[0]
22032	[0]
22035	[0]
22040	[0]
22046	[0]
22053	[0]
22087	[0]
22104	[1]
22119	[0]
22130	[0]
22139	[0]
22153	[0]
22160	[0]
22181	[0]
22194	[0]
22203	[0]
22209	[3]
22228	[0]
22238	[2]
22250	[0]
22254	[0]
22267	[1]
22272	[0]
22275	[0]
22294	[0]
22304	[0]
22310	[0]
22316	[0]
22319	[0]
22332	[0]
22352	[0]
22360	[0]
22364	[0]
22368	[0]
22370	[0]
22388	[2]
22394	[0]
22397	[0]
22400	[2]
22402	[1]
22408	[0]
22410	[0]
22416	[0]
22418	[0]
22421	[0]
22441	[0]
22453	[0]
22481	[1]
22491	[0]
22500	[0]
22501	[0]
22506	[0]
22529	[1]
22532	[1]
22535	[0]
22545	[2]
22552	[0]
22559	[0]
22577	[0]
22582	[0]
22597	[0]
22598	[0]
22615	[0]
22617	[0]
22628	[0]
22629	[2]
22630	[0]
22638	[0]
22651	[0]
22658	[0]
22672	[1]
22696	[1]
22710	[0]
22720	[0]
22747	[0]
22748	[0]
22749	[0]
22760	[0]
22768	[0]
22771	[0]
22783	[0]
22786	[0]
22791	[1]
22811	[2]
22816	[0]
22822	[0]
22825	[0]
22828	[0]
22830	[0]
22841	[6]
22845	[0]
22859	[1]
22886	[0]
22899	[0]
22922	[1]
22926	[1]
22927	[0]
22932	[0]
22939	[1]
22941	[0]
22959	[0]
22971	[0]
22974	[1]
23017	[0]
23028	[0]
23036	[0]
23037	[2]
23045	[0]
23049	[2]
23052	[0]
23053	[0]
23068	[1]
23069	[2]
23074	[0]
23077	[0]
23083	[0]
23086	[0]
23095	[1]
23104	[0]
23109	[3]
23113	[0]
23132	[1]
23136	[0]
23139	[0]
23148	[1]
23155	[3]
23167	[3]
23205	[0]
23248	[0]
23253	[0]
23262	[0]
23263	[1]
23266	[1]
23268	[0]
23275	[0]
23316	[1]
23331	[0]
23333	[0]
23334	[1]
23337	[0]
23344	[5]
23351	[1]
23361	[2]
23364	[0]
23375	[3]
23382	[0]
23398	[0]
23404	[1]
23405	[0]
23406	[0]
23411	[0]
23424	[2]
23429	[0]
23439	[2]
23442	[0]
23447	[2]
23458	[1]
23475	[0]
23477	[0]
23478	[0]
23489	[0]
23498	[0]
23501	[0]
23506	[0]
23509	[0]
23520	[0]
23538	[0]
23572	[0]
23581	[0]
23595	[2]
23607	[1]
23619	[1]
23631	[1]
23645	[0]
23664	[0]
23669	[2]
23675	[0]
23682	[1]
23695	[0]
23734	[0]
23750	[2]
23753	[0]
23761	[0]
23764	[0]
23783	[0]
23803	[0]
23823	[2]
23848	[0]
23854	[0]
23866	[0]
23877	[4]
23888	[1]
23917	[0]
23922	[0]
23927	[0]
23929	[0]
23930	[0]
23945	[2]
23947	[0]
23954	[0]
23959	[0]
23967	[0]
23977	[0]
23986	[2]
24000	[1]
24027	[0]
24040	[0]
24064	[0]
24073	[0]
24077	[1]
24086	[1]
24089	[3]
24092	[0]
24100	[0]
24114	[0]
24132	[0]
24134	[0]
24152	[0]
24157	[1]
24168	[0]
24177	[0]
24194	[0]
24208	[0]
24213	[0]
24232	[1]
24253	[0]
24256	[1]
24259	[0]
24295	[0]
24300	[0]
24301	[0]
24305	[0]
24310	[1]
24311	[0]
24326	[0]
24348	[0]
24356	[1]
24364	[0]
24370	[0]
24383	[1]
24391	[0]
24399	[1]
24419	[0]
24434	[1]
24439	[0]
24446	[0]
24459	[0]
24461	[0]
24466	[0]
24486	[0]
24501	[1]
24510	[0]
24514	[2]
24516	[2]
24535	[2]
24549	[0]
24573	[0]
24574	[0]
24579	[0]
24606	[1]
24615	[0]
24620	[0]
24628	[0]
24642	[0]
24644	[1]
24655	[0]
24657	[0]
24695	[0]
24704	[0]
24713	[2]
24741	[0]
24745	[0]
24746	[2]
24750	[2]
24764	[0]
24767	[0]
24784	[0]
24791	[0]
24813	[1]
24820	[0]
24825	[0]
24831	[1]
24860	[0]
24867	[0]
24877	[0]
24887	[1]
24921	[0]
24929	[0]
24936	[0]
24942	[0]
24947	[1]
25044	[0]
25049	[0]
25055	[0]
25129	[0]
25212	[0]
25277	[1]
25279	[0]
25410	[3]
25437	[4]
25440	[6]
25464	[0]
25520	[1]
25569	[1]
25611	[0]
25665	[1]
25762	[0]
25776	[0]
25784	[1]
25815	[0]
25871	[0]
25881	[0]
25918	[0]
25925	[1]
25928	[2]
25929	[1]
25961	[0]
26001	[2]
26021	[1]
26022	[1]
26033	[0]
26060	[3]
26061	[0]
26097	[0]
26106	[0]
26130	[1]
26132	[0]
26150	[0]
26164	[1]
26199	[0]
26258	[2]
26270	[0]
26295	[0]
26307	[0]
26344	[0]
26346	[0]
26434	[0]
26435	[0]
26468	[0]
26473	[0]
26501	[0]
26550	[0]
26551	[0]
26580	[0]
26581	[0]
26584	[1]
26587	[0]
26601	[0]
26604	[0]
26617	[0]
26625	[0]
26644	[0]
26651	[1]
26658	[0]
26679	[0]
26691	[1]
26794	[1]
26823	[0]
26844	[0]
26856	[0]
26872	[1]
26879	[0]
26884	[0]
26895	[2]
26949	[0]
26966	[0]
27034	[2]
27035	[0]
27042	[0]
27048	[0]
27132	[2]
27143	[1]
27172	[0]
27216	[1]
27244	[1]
27276	[0]
27325	[0]
27332	[0]
27342	[0]
27415	[0]
27594	[1]
27667	[0]
27700	[0]
27827	[0]
27849	[0]
28006	[1]
28034	[0]
28067	[0]
28112	[0]
28648	[0]
28650	[0]
28696	[0]
28790	[1]
28799	[0]
28831	[1]
28915	[0]
29134	[0]
29171	[0]
29300	[0]
29399	[0]
29527	[0]
29929	[0]
30082	[1]
30218	[1]
30221	[0]
30244	[0]
30296	[1]
30578	[0]
30715	[0]
30846	[0]
32140	[0]
32878	[0]
33353	[1]
