Sites	Catalog_ID
2	1
1	5
1	6
4	7
4	8
3	9
1	11
5	12
2	13
2	15
10	16
1	17
1	18
1	22
1	25
1	27
2	28
1	31
1	33
1	36
2	38
2	44
1	45
1	46
1	51
2	56
5	59
2	60
1	61
3	63
6	64
1	65
2	69
2	75
4	77
5	78
3	81
1	82
2	83
2	89
2	91
2	92
2	93
5	94
1	95
2	98
1	101
1	102
2	103
1	104
1	105
3	111
5	113
1	114
2	115
1	119
1	120
2	121
5	122
2	123
1	126
5	129
1	130
4	131
1	134
3	135
2	136
1	145
2	151
1	152
3	155
6	158
2	161
1	164
3	169
1	171
2	172
2	173
5	175
1	176
4	178
2	179
3	181
3	189
5	191
2	192
1	193
1	194
2	196
14	199
2	200
1	202
2	203
5	204
2	205
1	208
5	209
1	211
6	215
2	216
2	217
1	218
5	220
2	221
2	223
4	226
4	227
1	230
5	232
4	233
2	238
4	239
1	240
3	244
1	253
1	254
1	255
1	257
1	259
2	260
2	261
1	262
2	263
8	267
1	270
3	273
1	277
1	278
3	279
3	282
7	284
3	287
2	288
2	289
1	290
1	297
6	298
2	300
1	301
3	302
2	303
3	305
1	306
3	308
1	309
4	310
3	313
3	314
1	315
3	316
2	320
1	326
3	327
5	331
1	333
3	335
3	336
2	337
1	338
3	340
1	342
2	343
3	348
5	349
2	351
1	352
3	353
6	354
1	355
1	358
1	360
1	362
1	363
4	364
1	365
1	366
1	368
2	371
1	375
1	376
2	377
3	378
1	379
2	380
2	386
4	387
1	388
1	389
6	392
1	393
3	395
2	399
1	402
2	404
1	406
2	409
3	410
1	411
2	414
5	415
2	416
3	417
4	420
3	421
2	425
3	427
10	429
3	432
1	436
1	443
5	445
3	447
2	448
1	449
2	451
7	455
2	456
3	460
1	461
3	462
2	465
2	467
2	468
6	470
2	473
3	481
1	484
1	486
3	489
1	490
3	491
5	492
9	493
7	496
1	498
3	499
3	505
11	506
1	507
1	509
3	510
6	516
2	519
3	520
1	523
2	525
3	526
1	529
3	531
8	532
6	534
1	535
1	536
2	537
1	539
1	540
1	542
1	544
4	546
5	547
4	551
1	558
1	560
2	562
1	566
2	570
3	576
1	577
2	578
4	580
1	582
1	587
1	589
6	591
5	592
6	593
3	594
1	595
1	597
3	600
1	602
1	606
2	607
1	608
1	610
3	611
4	612
2	618
2	619
1	620
1	621
5	622
8	624
2	628
3	629
2	633
5	634
2	638
3	639
2	644
2	647
1	650
1	651
6	656
3	657
6	658
5	660
1	661
1	662
3	664
3	666
2	667
2	672
1	677
4	678
1	679
3	682
3	683
1	684
3	685
1	686
2	692
3	693
1	695
2	703
4	704
3	708
1	712
2	715
4	716
2	718
3	721
1	723
2	724
2	726
3	728
2	729
2	731
11	735
1	737
1	738
1	739
5	741
1	742
2	746
2	747
4	749
2	751
1	762
1	763
2	766
2	768
1	769
2	771
2	772
4	775
1	778
2	780
1	781
1	782
1	783
4	790
1	791
3	792
1	794
3	795
4	797
2	798
1	799
2	801
2	812
1	813
7	819
2	820
2	823
2	824
2	826
1	827
2	828
6	830
7	832
3	833
1	835
1	839
2	843
2	845
1	846
2	850
1	851
2	852
2	855
1	856
2	858
1	861
1	862
1	863
3	864
3	865
3	866
1	867
2	869
2	872
1	874
2	875
3	878
3	879
1	880
2	884
1	885
5	893
4	894
1	896
1	898
1	902
2	909
2	915
1	916
1	917
2	919
3	921
3	927
7	929
1	933
2	937
1	938
2	939
2	941
8	946
3	948
6	949
3	950
3	951
3	954
4	956
2	962
4	963
2	964
1	966
2	968
2	974
1	977
4	978
3	979
1	981
1	983
7	984
1	986
8	988
1	989
2	992
4	995
1	999
1	1000
1	1004
5	1006
1	1010
1	1013
2	1014
1	1015
1	1016
2	1018
1	1020
2	1022
1	1024
2	1026
2	1030
1	1031
1	1039
3	1041
1	1042
2	1044
4	1046
1	1051
1	1058
1	1059
4	1060
1	1062
1	1063
6	1067
1	1068
2	1069
1	1071
3	1073
3	1074
3	1075
2	1077
1	1080
4	1084
4	1086
1	1087
3	1088
2	1093
3	1097
1	1099
1	1100
6	1104
1	1105
3	1108
3	1111
3	1114
1	1116
1	1118
2	1121
7	1126
1	1128
2	1129
4	1133
2	1137
1	1140
1	1143
2	1145
4	1147
1	1148
2	1152
1	1153
2	1154
3	1156
4	1157
2	1161
4	1164
1	1168
2	1169
2	1174
3	1176
1	1177
7	1178
4	1180
6	1181
3	1182
5	1183
3	1184
4	1187
3	1188
2	1189
3	1191
2	1193
1	1196
1	1197
6	1199
4	1201
4	1204
3	1207
2	1211
3	1213
4	1214
3	1219
1	1224
3	1228
1	1231
1	1233
3	1235
5	1237
2	1247
1	1251
1	1253
3	1254
3	1257
4	1259
1	1260
12	1267
4	1269
2	1272
1	1273
4	1274
2	1275
1	1276
2	1279
3	1281
1	1282
2	1283
2	1285
1	1287
2	1288
2	1289
2	1290
2	1299
1	1302
1	1303
4	1305
1	1306
6	1309
5	1311
8	1315
1	1319
3	1323
4	1326
2	1327
2	1328
2	1330
1	1331
4	1333
1	1336
1	1337
1	1339
1	1340
3	1341
1	1343
2	1346
3	1348
1	1349
1	1352
2	1355
3	1356
2	1357
2	1359
1	1360
4	1363
3	1364
3	1365
5	1368
2	1370
2	1371
1	1373
2	1376
2	1378
1	1382
2	1385
5	1386
1	1389
2	1391
2	1392
1	1393
3	1394
5	1395
3	1398
1	1399
4	1400
3	1402
2	1405
2	1411
1	1415
1	1417
1	1419
3	1420
1	1421
3	1423
6	1424
4	1425
2	1428
1	1429
1	1430
3	1431
3	1433
2	1435
2	1436
1	1445
1	1446
1	1451
2	1453
3	1454
1	1455
2	1459
2	1463
2	1464
3	1466
5	1470
1	1471
7	1472
2	1473
1	1476
8	1477
1	1478
3	1481
1	1482
1	1483
1	1487
4	1489
3	1491
2	1496
2	1497
3	1498
4	1499
1	1500
1	1501
1	1502
2	1504
5	1505
3	1507
2	1509
1	1514
1	1519
1	1523
8	1524
3	1528
4	1529
1	1530
1	1532
2	1533
3	1536
1	1537
6	1538
1	1539
1	1543
3	1544
2	1545
10	1550
4	1551
1	1552
1	1553
1	1555
1	1567
1	1568
3	1570
3	1571
2	1572
1	1573
2	1574
3	1577
3	1578
1	1580
1	1581
2	1582
3	1584
1	1588
10	1593
9	1594
6	1595
1	1600
2	1602
1	1604
1	1605
9	1608
4	1611
6	1612
1	1613
1	1618
3	1619
3	1620
1	1621
2	1623
3	1630
1	1631
1	1638
4	1639
2	1648
1	1649
1	1651
2	1652
1	1653
2	1654
3	1658
1	1659
3	1661
3	1662
2	1668
7	1669
5	1672
1	1674
4	1675
3	1676
1	1679
6	1680
2	1691
3	1692
2	1697
1	1702
8	1705
1	1706
1	1707
1	1708
1	1709
1	1710
1	1712
1	1714
2	1716
2	1717
2	1718
1	1720
5	1721
2	1725
2	1730
6	1731
9	1732
4	1738
1	1742
8	1749
10	1750
2	1751
3	1757
2	1758
2	1760
1	1763
4	1765
3	1767
1	1770
3	1771
6	1776
3	1777
8	1786
1	1787
3	1791
3	1792
2	1795
3	1796
1	1797
2	1798
3	1801
2	1803
2	1808
3	1810
1	1812
2	1813
2	1814
1	1816
3	1817
2	1819
2	1820
3	1822
2	1825
1	1828
1	1829
4	1831
2	1832
3	1833
2	1834
2	1835
4	1839
1	1841
3	1845
2	1846
2	1851
1	1852
2	1854
2	1855
5	1858
2	1860
1	1862
8	1863
3	1869
1	1870
3	1871
2	1875
2	1884
8	1886
2	1888
1	1889
4	1892
4	1894
1	1896
1	1897
6	1900
2	1905
2	1906
3	1907
1	1909
1	1910
1	1915
1	1917
1	1922
1	1924
1	1927
1	1928
2	1929
1	1931
4	1936
1	1937
1	1940
2	1941
1	1946
1	1949
5	1951
8	1954
1	1956
1	1960
2	1966
2	1970
2	1976
1	1977
1	1978
2	1979
4	1980
3	1983
1	1985
5	1986
1	1989
2	1990
1	1995
2	1998
1	1999
1	2002
1	2004
3	2007
1	2008
3	2009
2	2011
1	2015
1	2016
1	2017
1	2018
3	2021
11	2022
1	2032
3	2033
3	2035
1	2037
1	2041
3	2044
1	2045
1	2053
3	2059
3	2062
1	2065
2	2067
1	2068
1	2071
1	2074
1	2076
4	2077
3	2078
1	2080
3	2082
3	2091
2	2097
1	2099
4	2101
3	2103
1	2107
1	2109
6	2112
3	2113
9	2114
1	2115
1	2119
2	2121
1	2124
1	2126
1	2132
2	2137
1	2138
1	2139
1	2142
1	2143
1	2144
1	2146
3	2148
1	2152
2	2153
1	2155
2	2156
2	2159
2	2169
3	2170
2	2171
1	2172
3	2174
1	2185
3	2188
8	2193
7	2194
1	2195
1	2196
1	2200
2	2201
2	2202
1	2203
4	2205
1	2206
2	2207
1	2209
3	2210
2	2216
1	2217
1	2218
1	2219
2	2222
1	2223
1	2225
1	2229
2	2233
4	2236
1	2241
3	2242
1	2246
2	2247
4	2250
2	2251
1	2256
4	2257
2	2258
5	2259
2	2261
1	2262
2	2263
1	2265
3	2269
1	2278
1	2287
2	2288
2	2294
3	2301
5	2306
3	2311
1	2316
2	2320
1	2322
7	2323
7	2330
4	2331
2	2335
2	2338
1	2339
10	2341
1	2344
1	2345
1	2348
2	2349
1	2354
2	2356
2	2357
1	2358
3	2361
1	2362
1	2363
4	2364
1	2365
2	2367
2	2372
2	2373
2	2374
1	2375
3	2377
1	2379
1	2380
1	2383
1	2385
3	2387
2	2389
1	2391
1	2392
5	2400
3	2401
3	2403
4	2411
1	2414
1	2419
1	2420
2	2422
2	2432
1	2433
3	2435
1	2436
2	2437
1	2441
3	2444
1	2446
2	2448
4	2453
1	2454
1	2456
3	2460
1	2466
1	2468
7	2469
2	2472
2	2474
2	2476
1	2477
1	2481
1	2485
3	2489
12	2491
2	2493
1	2494
2	2495
1	2500
1	2503
6	2505
2	2507
1	2512
1	2514
6	2517
8	2518
1	2523
1	2524
1	2530
4	2533
2	2534
1	2539
2	2540
3	2544
2	2545
4	2546
2	2547
1	2550
2	2551
1	2557
1	2559
3	2563
3	2568
5	2569
2	2575
5	2578
2	2581
5	2583
3	2587
1	2590
2	2591
2	2592
5	2596
2	2598
2	2602
1	2605
4	2607
7	2609
1	2610
1	2612
2	2614
1	2616
3	2620
2	2621
1	2630
3	2631
4	2634
2	2635
2	2637
3	2638
2	2649
2	2656
1	2659
10	2660
7	2662
5	2663
2	2664
4	2665
7	2666
2	2668
2	2669
5	2676
1	2677
5	2685
2	2687
3	2689
5	2691
10	2700
1	2707
5	2708
3	2714
2	2716
2	2717
1	2718
2	2720
1	2721
1	2723
2	2725
1	2731
5	2734
1	2736
1	2737
1	2738
1	2743
3	2745
4	2746
3	2754
2	2759
2	2760
1	2761
1	2764
1	2768
1	2769
6	2770
1	2771
2	2775
2	2779
4	2780
1	2781
2	2782
6	2785
3	2789
1	2791
2	2792
2	2794
3	2795
2	2799
4	2800
3	2801
1	2802
1	2805
2	2806
2	2808
2	2809
2	2812
2	2813
1	2814
1	2815
1	2818
4	2819
2	2820
5	2821
1	2834
7	2838
1	2839
1	2841
3	2842
1	2849
1	2852
2	2853
3	2857
2	2862
2	2864
3	2865
2	2869
2	2870
2	2871
1	2876
1	2878
1	2881
2	2887
1	2888
5	2891
2	2892
4	2898
1	2899
2	2901
1	2902
1	2903
1	2904
2	2905
1	2908
3	2909
1	2912
2	2914
3	2917
2	2919
1	2920
2	2921
2	2922
3	2925
1	2929
5	2932
7	2934
3	2935
1	2936
2	2938
3	2940
4	2941
5	2949
2	2951
3	2952
4	2954
2	2957
5	2958
1	2961
3	2964
3	2965
4	2966
2	2967
7	2968
5	2971
1	2973
4	2980
1	2982
6	2984
2	2987
1	2988
5	2990
3	2993
2	2994
1	2995
3	2996
3	3000
2	3001
1	3003
1	3005
3	3008
3	3010
7	3011
2	3012
2	3019
1	3020
3	3021
1	3027
3	3029
1	3032
1	3033
1	3035
2	3037
4	3044
2	3047
1	3049
1	3051
5	3057
4	3059
4	3064
3	3066
2	3071
3	3072
1	3074
1	3079
1	3082
1	3083
2	3085
1	3086
6	3087
2	3089
2	3092
1	3093
9	3094
2	3095
2	3100
3	3106
3	3110
2	3114
2	3117
1	3122
1	3127
2	3131
2	3134
1	3136
1	3139
2	3142
1	3145
1	3146
2	3153
2	3156
1	3157
1	3159
5	3164
1	3166
1	3167
1	3170
3	3171
1	3174
1	3180
1	3182
4	3186
3	3188
3	3189
2	3194
4	3195
1	3196
3	3197
2	3205
1	3208
1	3209
2	3213
2	3215
2	3216
2	3222
1	3227
2	3228
1	3230
1	3237
2	3238
1	3248
1	3249
1	3250
1	3252
4	3253
1	3257
1	3263
1	3264
3	3265
7	3271
1	3272
5	3274
2	3284
7	3291
1	3296
2	3297
4	3298
2	3300
1	3301
1	3302
1	3303
2	3305
9	3312
3	3315
2	3316
9	3319
1	3322
1	3323
2	3326
4	3327
2	3328
2	3329
2	3330
1	3335
1	3336
4	3339
2	3340
4	3341
6	3344
2	3346
2	3347
3	3349
1	3350
9	3351
2	3352
1	3357
1	3361
2	3366
4	3368
2	3369
2	3370
1	3372
6	3374
5	3380
1	3386
4	3389
1	3394
1	3396
1	3399
1	3402
5	3403
7	3404
3	3407
2	3408
2	3411
2	3417
4	3421
3	3422
2	3423
2	3425
1	3427
1	3428
1	3429
7	3430
1	3432
2	3433
7	3434
3	3438
2	3439
3	3441
3	3443
1	3444
3	3448
2	3449
3	3456
1	3462
1	3463
5	3466
3	3467
1	3472
3	3475
4	3477
1	3478
3	3481
3	3484
3	3486
4	3488
1	3489
1	3490
5	3492
2	3496
2	3499
2	3510
1	3512
1	3513
2	3516
1	3517
1	3518
4	3520
5	3521
3	3523
2	3524
3	3525
4	3527
2	3533
1	3538
1	3539
2	3541
2	3544
2	3545
4	3550
1	3551
4	3553
2	3554
1	3557
2	3558
5	3563
1	3567
1	3569
3	3571
1	3574
1	3576
2	3578
1	3579
2	3581
1	3582
2	3583
3	3585
1	3586
1	3598
5	3600
1	3601
3	3604
3	3605
2	3608
4	3612
3	3613
1	3614
1	3617
2	3618
3	3621
1	3622
6	3623
1	3624
4	3625
6	3627
1	3630
2	3632
2	3633
7	3635
2	3637
5	3638
3	3643
4	3645
5	3646
1	3648
4	3651
1	3654
6	3657
8	3662
2	3663
1	3665
7	3668
1	3669
2	3671
3	3673
3	3676
1	3677
1	3678
1	3679
1	3682
3	3683
2	3685
2	3687
3	3688
5	3690
1	3691
2	3696
3	3697
3	3704
3	3705
5	3707
6	3708
2	3709
9	3712
4	3713
1	3714
2	3716
1	3723
4	3724
6	3725
3	3728
2	3729
8	3730
5	3731
1	3732
4	3733
1	3736
2	3737
2	3738
1	3739
7	3740
2	3741
6	3747
4	3748
4	3749
5	3751
1	3752
3	3756
1	3758
1	3761
2	3762
2	3765
4	3766
1	3767
5	3768
7	3770
2	3771
4	3772
2	3773
3	3774
1	3775
1	3776
2	3779
3	3783
2	3784
2	3785
1	3786
3	3787
1	3788
1	3793
3	3795
1	3797
1	3799
1	3801
1	3805
9	3807
3	3808
4	3809
1	3810
3	3816
1	3817
2	3818
1	3823
2	3824
4	3830
1	3833
2	3834
4	3836
2	3838
3	3839
1	3840
2	3841
1	3842
2	3843
1	3846
4	3848
1	3851
3	3853
1	3858
1	3859
1	3860
5	3863
1	3866
2	3869
2	3871
2	3873
3	3874
4	3878
2	3879
2	3880
1	3889
1	3892
2	3893
1	3894
6	3897
3	3898
2	3899
2	3900
2	3902
2	3906
2	3912
2	3916
2	3918
1	3919
4	3922
2	3923
4	3925
6	3926
1	3928
2	3930
2	3931
2	3933
2	3935
3	3936
5	3940
1	3943
1	3944
1	3945
2	3946
1	3948
1	3949
2	3953
6	3954
2	3955
1	3960
2	3963
3	3968
2	3970
1	3974
1	3981
1	3984
1	3986
5	3992
1	3999
3	4000
1	4001
2	4008
5	4010
2	4012
1	4014
2	4016
2	4018
3	4019
2	4021
2	4025
1	4026
2	4028
4	4032
2	4033
2	4037
2	4038
2	4042
2	4048
3	4050
2	4051
3	4053
2	4055
1	4058
2	4061
1	4065
4	4066
6	4071
2	4077
1	4080
1	4082
4	4087
1	4091
3	4094
1	4099
1	4101
2	4103
4	4104
1	4105
2	4106
2	4110
3	4111
11	4114
2	4115
1	4116
1	4117
1	4121
2	4122
1	4123
2	4125
1	4129
1	4131
2	4133
1	4136
1	4139
1	4140
1	4141
1	4142
1	4144
1	4149
3	4150
7	4151
1	4153
3	4154
1	4158
1	4159
4	4162
10	4163
2	4164
1	4167
1	4169
1	4171
1	4172
3	4173
2	4177
2	4183
2	4188
1	4191
2	4193
3	4195
3	4196
2	4199
1	4206
4	4208
5	4210
2	4211
1	4212
2	4214
5	4215
4	4217
2	4218
3	4219
2	4221
1	4222
1	4223
1	4224
4	4225
2	4227
1	4229
2	4230
3	4239
7	4240
1	4243
1	4244
1	4247
2	4249
1	4251
2	4258
1	4259
1	4260
1	4261
3	4265
1	4267
4	4271
2	4272
4	4275
3	4281
1	4282
3	4283
2	4285
9	4286
1	4287
3	4288
3	4294
1	4295
1	4298
1	4299
3	4303
2	4305
4	4306
3	4309
3	4311
1	4313
1	4314
3	4316
3	4317
2	4319
1	4320
2	4323
11	4324
2	4336
1	4337
1	4342
1	4347
1	4352
1	4353
1	4356
5	4359
2	4361
1	4363
5	4364
1	4367
4	4371
3	4372
4	4374
1	4377
2	4380
1	4381
2	4383
4	4384
3	4385
2	4386
2	4389
2	4395
2	4397
2	4399
1	4408
1	4409
6	4412
1	4414
1	4417
4	4427
3	4430
1	4431
1	4440
2	4441
1	4442
2	4445
1	4448
3	4449
1	4454
1	4456
2	4460
2	4462
2	4463
1	4464
7	4465
2	4470
1	4471
1	4473
2	4474
2	4475
4	4476
5	4478
3	4479
2	4480
1	4485
4	4486
1	4488
4	4492
1	4493
4	4497
3	4500
1	4502
7	4505
2	4508
1	4509
2	4510
2	4513
5	4515
2	4517
3	4521
4	4524
1	4525
3	4526
7	4528
1	4529
3	4530
3	4532
1	4533
5	4534
1	4546
5	4556
1	4557
4	4559
2	4564
1	4568
1	4569
3	4571
2	4572
4	4576
6	4578
3	4583
4	4585
1	4592
1	4594
1	4601
6	4607
2	4609
2	4610
1	4612
4	4621
3	4626
2	4628
2	4629
1	4631
2	4633
1	4634
1	4638
2	4640
3	4642
1	4643
1	4645
4	4650
2	4652
3	4654
2	4656
4	4659
7	4660
2	4661
3	4663
5	4664
1	4666
3	4667
1	4670
2	4674
2	4675
2	4676
4	4680
1	4682
1	4683
3	4684
1	4686
2	4688
1	4690
8	4691
6	4692
2	4695
2	4699
4	4702
1	4704
2	4705
2	4706
3	4707
3	4709
1	4714
1	4717
1	4719
3	4721
1	4722
1	4723
2	4727
3	4729
1	4733
2	4735
2	4737
1	4738
2	4739
2	4740
2	4743
1	4744
2	4746
1	4748
2	4749
1	4750
1	4752
1	4754
1	4757
2	4759
1	4764
4	4767
2	4768
1	4772
2	4774
2	4776
1	4777
2	4778
6	4780
1	4782
1	4783
1	4788
1	4789
3	4791
2	4793
2	4797
1	4798
3	4802
5	4803
1	4806
1	4808
1	4811
3	4812
1	4814
1	4815
5	4817
1	4820
5	4821
2	4822
1	4824
1	4825
1	4833
5	4835
3	4840
2	4841
5	4842
3	4844
5	4850
5	4852
2	4853
4	4855
1	4865
1	4866
1	4867
2	4868
1	4870
2	4871
1	4873
2	4875
8	4876
5	4877
2	4880
2	4881
2	4882
4	4885
1	4891
1	4892
1	4893
1	4895
1	4896
1	4897
1	4899
3	4903
7	4904
2	4906
7	4908
2	4910
3	4914
1	4917
1	4918
2	4922
3	4923
2	4924
1	4925
4	4927
2	4930
1	4932
1	4937
6	4938
2	4941
2	4944
2	4946
2	4948
1	4951
4	4957
3	4960
1	4966
3	4967
1	4968
1	4969
1	4972
2	4977
1	4980
3	4981
2	4983
4	4984
3	4985
3	4989
1	4992
5	4994
4	4995
1	4996
3	4998
3	5001
2	5002
12	5004
2	5008
1	5009
1	5012
1	5014
1	5015
2	5016
1	5018
2	5020
4	5021
3	5025
2	5026
1	5035
2	5037
2	5039
2	5040
1	5042
1	5047
1	5048
4	5049
4	5054
1	5056
1	5058
1	5060
1	5062
2	5068
6	5070
1	5072
3	5073
2	5074
3	5079
3	5080
1	5084
1	5085
2	5087
3	5093
1	5094
2	5099
3	5101
3	5107
4	5111
2	5113
3	5116
2	5118
1	5121
2	5122
5	5123
1	5124
1	5125
1	5126
4	5134
5	5136
2	5140
2	5142
1	5143
3	5144
4	5148
1	5152
1	5153
3	5155
1	5156
1	5157
1	5159
3	5161
2	5162
7	5163
2	5164
1	5169
1	5172
1	5175
1	5176
1	5177
1	5178
1	5179
3	5182
2	5184
1	5187
1	5191
4	5195
3	5196
2	5197
8	5198
2	5202
1	5204
8	5205
3	5208
2	5209
1	5210
1	5211
4	5212
2	5214
2	5217
1	5218
1	5219
2	5220
1	5225
1	5227
7	5234
1	5237
4	5238
1	5240
4	5244
1	5247
2	5250
2	5255
1	5260
1	5261
2	5263
1	5266
3	5268
5	5269
8	5271
3	5272
1	5273
2	5274
2	5276
1	5280
3	5281
1	5282
2	5286
1	5287
3	5288
1	5289
3	5291
1	5297
1	5301
1	5303
1	5309
1	5311
1	5312
2	5314
2	5317
1	5319
5	5321
2	5322
1	5323
2	5326
2	5327
1	5328
3	5329
1	5330
1	5332
2	5333
1	5335
1	5337
5	5338
1	5339
2	5342
2	5344
4	5345
1	5347
1	5349
2	5350
1	5352
6	5356
3	5357
1	5358
3	5361
1	5363
2	5365
3	5367
2	5372
1	5375
4	5377
6	5378
1	5383
3	5385
1	5387
2	5388
1	5389
3	5390
1	5391
3	5393
1	5394
3	5401
2	5402
1	5403
6	5407
2	5410
5	5413
2	5414
6	5420
1	5422
3	5425
2	5426
1	5428
1	5431
3	5433
1	5434
1	5436
1	5437
5	5441
1	5442
1	5443
1	5445
2	5446
6	5447
1	5449
2	5450
2	5451
5	5452
2	5453
2	5454
2	5457
3	5458
4	5459
3	5460
5	5461
1	5465
2	5468
1	5471
2	5472
2	5473
3	5477
5	5479
2	5480
2	5481
1	5483
8	5487
3	5488
6	5490
2	5495
1	5496
3	5498
1	5500
2	5503
1	5504
2	5507
5	5508
1	5509
3	5513
2	5516
1	5517
2	5523
3	5525
3	5531
1	5534
7	5541
2	5542
2	5543
1	5548
1	5549
2	5550
2	5552
1	5554
2	5557
2	5562
2	5563
1	5564
1	5565
1	5566
8	5568
2	5569
1	5572
2	5573
6	5577
1	5579
3	5585
3	5588
1	5589
1	5591
5	5596
3	5597
1	5602
1	5610
5	5611
1	5613
1	5615
5	5617
6	5618
4	5619
2	5631
3	5632
2	5633
2	5636
3	5637
1	5642
1	5643
6	5644
3	5648
1	5651
2	5656
2	5657
3	5658
3	5662
3	5665
3	5666
2	5667
1	5672
3	5675
2	5677
1	5680
5	5682
2	5683
2	5685
2	5686
5	5691
1	5692
8	5695
3	5699
4	5700
4	5701
3	5702
2	5703
3	5704
1	5706
1	5709
2	5710
1	5712
3	5714
1	5715
1	5723
1	5724
6	5726
1	5728
1	5730
3	5731
2	5734
2	5735
4	5736
7	5737
2	5742
2	5743
1	5744
1	5745
2	5748
2	5750
1	5751
1	5752
2	5753
2	5759
2	5762
3	5763
2	5766
1	5769
5	5771
3	5772
2	5773
1	5777
1	5779
2	5781
3	5785
2	5787
3	5792
2	5793
1	5794
4	5795
1	5798
4	5804
1	5805
2	5806
2	5807
4	5808
1	5812
3	5814
1	5815
1	5819
2	5820
2	5821
2	5825
3	5829
1	5830
1	5834
1	5835
4	5842
1	5846
1	5847
4	5848
3	5849
5	5850
2	5851
1	5853
1	5856
1	5857
6	5858
3	5859
3	5865
4	5872
3	5874
1	5875
1	5878
6	5882
2	5884
1	5887
5	5890
4	5892
1	5893
2	5894
1	5895
1	5899
3	5900
6	5902
4	5904
3	5906
2	5908
2	5909
1	5910
4	5912
3	5913
5	5916
3	5917
4	5918
2	5920
3	5924
5	5925
2	5927
6	5930
4	5931
5	5932
3	5939
2	5942
1	5944
3	5945
4	5946
1	5948
2	5949
2	5951
2	5953
2	5957
1	5958
3	5959
1	5961
1	5962
1	5966
1	5968
1	5970
3	5971
1	5973
2	5974
7	5975
2	5978
2	5985
1	5986
5	5988
4	5990
3	5993
2	5995
2	5996
2	5998
5	6000
4	6001
3	6004
1	6005
1	6006
1	6013
3	6014
2	6020
2	6021
1	6022
1	6027
2	6028
1	6029
2	6030
6	6031
2	6032
2	6038
2	6039
1	6049
2	6050
1	6051
5	6054
1	6055
2	6057
2	6058
2	6062
1	6065
1	6069
1	6072
4	6076
1	6078
2	6081
4	6084
2	6085
2	6087
2	6089
6	6090
2	6091
2	6092
1	6094
1	6095
1	6096
4	6098
1	6099
3	6100
1	6101
3	6105
1	6106
5	6109
4	6111
1	6112
2	6115
1	6116
1	6117
1	6119
3	6122
5	6124
4	6125
3	6128
3	6129
2	6131
6	6133
1	6134
2	6136
1	6137
1	6138
1	6140
1	6144
1	6147
2	6149
1	6150
1	6151
3	6152
1	6157
2	6164
12	6165
4	6172
1	6173
1	6174
1	6176
2	6181
5	6182
1	6184
1	6185
1	6191
2	6195
2	6196
1	6198
2	6200
2	6201
4	6205
1	6206
1	6208
1	6210
1	6213
2	6214
1	6215
3	6216
4	6217
1	6222
3	6225
1	6230
2	6232
5	6235
1	6240
2	6242
3	6243
4	6244
3	6248
4	6249
1	6250
2	6251
2	6252
2	6253
9	6254
4	6255
2	6259
2	6260
1	6261
6	6264
1	6269
2	6271
2	6273
2	6276
1	6279
5	6282
2	6283
1	6287
3	6289
5	6295
2	6296
2	6297
1	6305
3	6309
1	6310
2	6311
1	6318
2	6320
1	6326
3	6329
1	6333
5	6334
5	6339
5	6341
1	6342
1	6343
1	6344
3	6345
1	6346
2	6347
3	6349
3	6350
3	6351
5	6352
3	6354
4	6355
2	6356
5	6358
3	6361
3	6362
2	6364
3	6369
1	6372
2	6374
3	6375
3	6378
8	6384
1	6385
3	6386
4	6392
3	6393
4	6404
1	6410
3	6413
1	6414
1	6416
3	6419
3	6421
1	6423
5	6424
1	6425
1	6426
2	6427
1	6428
2	6430
1	6432
1	6440
1	6441
1	6444
1	6445
4	6447
3	6449
1	6450
2	6453
1	6456
4	6458
3	6462
1	6463
2	6464
1	6470
2	6472
5	6474
10	6476
3	6477
1	6478
5	6481
1	6482
1	6483
1	6484
1	6487
3	6488
1	6489
1	6495
2	6497
4	6499
1	6501
1	6502
3	6504
2	6505
1	6506
1	6507
7	6508
2	6509
2	6510
3	6513
2	6514
2	6517
2	6519
1	6520
2	6522
1	6524
2	6525
3	6526
9	6527
3	6531
1	6533
2	6535
1	6541
2	6542
2	6543
2	6545
1	6549
1	6550
3	6551
2	6552
1	6553
2	6554
3	6555
1	6556
3	6559
1	6570
1	6571
2	6575
1	6576
1	6581
2	6582
1	6586
1	6593
1	6594
2	6596
2	6601
1	6602
2	6606
2	6609
2	6613
1	6615
3	6626
2	6627
1	6630
2	6632
5	6635
3	6639
1	6644
1	6645
1	6646
3	6647
1	6650
2	6652
1	6653
3	6656
1	6658
1	6660
2	6661
1	6662
5	6664
1	6669
1	6670
1	6675
3	6678
1	6679
2	6682
3	6685
5	6686
1	6688
2	6689
2	6692
4	6693
3	6706
3	6709
2	6712
1	6714
3	6715
5	6716
1	6717
2	6720
2	6723
1	6725
1	6726
2	6727
1	6730
1	6733
2	6735
4	6736
2	6737
1	6742
1	6745
2	6746
2	6749
1	6750
2	6751
1	6752
2	6754
3	6756
1	6757
3	6758
1	6759
1	6760
1	6762
1	6764
1	6769
1	6772
1	6773
2	6774
2	6777
1	6779
1	6781
4	6783
5	6784
1	6791
11	6792
1	6793
3	6795
1	6800
3	6802
1	6803
2	6804
3	6809
2	6812
2	6813
1	6820
1	6822
2	6823
1	6824
2	6826
1	6827
1	6834
1	6835
7	6842
1	6843
1	6851
4	6855
5	6857
2	6862
1	6863
3	6864
1	6865
1	6866
1	6867
1	6872
2	6873
1	6874
2	6877
3	6878
2	6879
3	6881
4	6883
1	6889
1	6893
1	6897
2	6898
2	6903
3	6907
1	6910
5	6911
2	6913
4	6919
1	6922
3	6923
2	6926
3	6927
2	6929
3	6931
2	6934
2	6935
2	6937
1	6938
3	6940
3	6943
4	6949
1	6950
2	6951
2	6953
2	6955
1	6958
1	6961
2	6963
5	6964
1	6965
5	6968
2	6971
1	6973
2	6974
1	6977
3	6978
2	6980
3	6982
4	6983
3	6986
2	6990
1	6995
1	6997
2	6998
1	6999
1	7001
1	7002
5	7005
4	7007
1	7009
2	7011
6	7013
4	7014
1	7015
1	7019
1	7020
1	7025
1	7030
3	7031
2	7034
1	7039
3	7041
2	7045
2	7047
1	7050
2	7051
1	7052
9	7057
1	7058
2	7059
1	7064
2	7065
2	7067
3	7068
7	7070
1	7075
6	7078
7	7080
5	7081
6	7084
1	7085
2	7088
3	7096
1	7097
1	7098
3	7100
1	7103
2	7106
2	7107
1	7113
2	7118
2	7120
1	7121
1	7122
1	7123
4	7124
1	7126
1	7127
4	7130
3	7131
2	7135
1	7139
1	7140
2	7143
2	7145
1	7153
4	7154
1	7159
3	7166
3	7169
4	7173
1	7177
2	7182
5	7183
6	7186
2	7187
3	7191
2	7195
1	7202
2	7203
2	7204
2	7206
6	7207
1	7208
1	7213
4	7214
1	7215
1	7216
2	7218
1	7222
1	7223
3	7226
1	7227
1	7230
7	7231
1	7233
1	7235
1	7238
2	7240
3	7242
1	7243
3	7245
1	7252
3	7254
4	7255
1	7256
2	7258
3	7259
3	7261
2	7262
3	7265
5	7269
4	7270
1	7271
4	7274
1	7275
3	7277
1	7281
4	7283
2	7284
2	7286
1	7287
1	7288
8	7291
2	7292
1	7293
2	7296
4	7305
1	7312
1	7313
2	7318
3	7319
3	7322
2	7323
1	7326
3	7332
2	7333
1	7335
3	7338
1	7340
3	7342
1	7344
2	7345
2	7346
1	7350
2	7353
1	7354
1	7355
1	7357
3	7358
2	7368
2	7369
5	7373
6	7375
8	7376
4	7378
3	7380
1	7381
1	7386
2	7387
1	7388
4	7391
1	7392
1	7393
1	7394
4	7396
1	7400
9	7403
1	7404
3	7405
2	7406
2	7407
1	7408
1	7410
4	7412
1	7416
3	7418
5	7422
1	7425
1	7428
15	7430
5	7432
4	7434
1	7437
2	7439
1	7442
1	7447
9	7449
2	7450
2	7451
4	7452
7	7454
1	7455
1	7459
2	7461
2	7462
4	7464
1	7465
1	7471
3	7473
1	7475
2	7476
5	7482
4	7486
2	7487
2	7488
2	7494
2	7497
5	7500
5	7504
1	7505
2	7508
5	7509
1	7513
5	7515
4	7520
3	7522
5	7524
2	7525
2	7526
1	7532
2	7533
3	7534
1	7535
3	7537
1	7538
1	7539
1	7542
1	7543
3	7545
2	7549
1	7550
1	7554
1	7556
3	7560
1	7564
1	7568
2	7570
1	7573
1	7574
1	7578
1	7579
7	7581
3	7583
2	7589
3	7596
1	7598
2	7599
1	7600
3	7601
2	7603
1	7608
1	7613
2	7614
13	7618
1	7620
1	7624
3	7628
4	7631
2	7632
1	7633
3	7638
1	7640
4	7641
5	7643
1	7653
4	7655
6	7664
1	7665
2	7669
1	7670
1	7673
3	7676
1	7678
1	7679
1	7680
2	7681
1	7684
2	7686
2	7697
1	7698
5	7700
3	7701
2	7705
2	7706
2	7709
1	7714
1	7715
4	7716
1	7719
2	7723
6	7725
3	7729
3	7734
1	7735
1	7736
1	7740
6	7742
2	7743
2	7745
7	7746
5	7747
1	7748
1	7752
2	7755
6	7756
1	7759
2	7760
1	7761
3	7763
1	7764
1	7767
3	7768
1	7769
3	7773
3	7775
3	7776
4	7778
1	7783
5	7785
1	7786
1	7790
1	7792
1	7794
3	7795
2	7796
4	7797
1	7798
1	7800
2	7802
10	7803
2	7805
7	7806
6	7807
1	7808
3	7809
5	7810
1	7813
2	7821
1	7825
2	7829
2	7830
1	7831
1	7832
1	7835
1	7840
2	7849
1	7851
3	7853
1	7855
1	7856
2	7859
4	7863
1	7864
3	7866
1	7869
3	7870
1	7872
1	7873
3	7880
4	7882
4	7884
2	7886
3	7887
3	7889
3	7892
1	7893
5	7895
3	7901
7	7902
1	7904
1	7905
1	7906
5	7912
1	7922
2	7925
3	7929
2	7932
4	7934
2	7935
2	7936
8	7937
7	7940
2	7943
1	7948
4	7950
1	7954
1	7957
3	7960
2	7961
1	7965
2	7966
1	7969
3	7970
3	7972
1	7974
1	7976
3	7978
1	7980
2	7981
6	7985
2	7988
1	7991
2	7998
6	7999
5	8004
1	8006
1	8007
1	8009
4	8010
3	8011
1	8015
2	8018
6	8021
2	8025
1	8026
3	8029
1	8032
2	8034
3	8035
2	8036
1	8042
11	8049
4	8050
1	8052
3	8053
2	8056
4	8059
1	8061
5	8064
1	8067
1	8068
1	8072
2	8075
2	8076
2	8080
3	8082
1	8083
1	8084
2	8091
1	8099
1	8107
1	8109
3	8110
4	8113
2	8118
1	8119
2	8124
2	8131
1	8133
1	8143
1	8145
2	8151
2	8156
5	8157
1	8162
1	8164
1	8166
3	8168
1	8172
3	8174
5	8176
2	8181
2	8182
2	8185
1	8186
3	8187
3	8189
1	8190
2	8192
1	8197
2	8199
3	8203
2	8205
1	8208
4	8210
1	8215
2	8219
1	8222
1	8225
1	8226
2	8229
4	8230
2	8232
2	8233
3	8236
3	8237
2	8239
1	8240
4	8247
3	8250
1	8251
4	8252
2	8253
2	8255
1	8256
2	8258
4	8260
1	8261
3	8262
4	8265
1	8266
2	8269
1	8274
3	8275
4	8279
1	8280
1	8282
9	8284
2	8288
3	8291
6	8292
2	8296
1	8297
4	8301
1	8302
1	8304
2	8307
2	8314
3	8316
1	8317
4	8318
3	8321
6	8328
1	8330
1	8331
1	8335
1	8336
3	8337
4	8338
2	8345
1	8346
1	8347
1	8348
8	8349
2	8351
7	8352
2	8357
3	8358
3	8360
1	8363
1	8364
1	8366
1	8370
3	8371
1	8373
1	8374
11	8376
1	8378
2	8385
4	8386
13	8388
1	8390
3	8392
2	8395
3	8396
3	8398
1	8402
1	8404
2	8405
1	8406
3	8407
4	8412
1	8413
1	8414
1	8415
1	8416
1	8418
3	8419
6	8420
4	8422
1	8424
1	8428
6	8431
1	8432
1	8434
2	8437
2	8440
2	8441
1	8442
1	8446
1	8447
1	8448
1	8449
2	8452
6	8453
5	8455
1	8456
3	8457
2	8460
2	8465
2	8469
2	8473
8	8476
3	8477
1	8480
1	8485
2	8487
1	8488
1	8493
3	8497
2	8503
1	8504
3	8505
3	8510
1	8511
1	8512
2	8513
1	8515
5	8520
8	8521
3	8522
2	8523
1	8526
2	8527
3	8528
1	8530
3	8532
3	8535
2	8537
4	8539
3	8540
7	8546
2	8547
2	8548
1	8550
1	8551
2	8556
7	8558
1	8560
1	8561
3	8565
6	8567
3	8568
1	8569
2	8570
4	8574
2	8577
2	8581
3	8582
6	8583
2	8585
3	8586
1	8587
5	8590
6	8591
4	8599
10	8600
4	8604
3	8610
6	8614
2	8615
1	8620
2	8621
1	8622
1	8625
1	8626
8	8632
3	8633
2	8634
4	8640
4	8643
2	8648
1	8650
2	8652
5	8663
1	8665
5	8667
3	8668
1	8670
1	8672
1	8675
2	8677
4	8678
1	8681
2	8685
1	8686
2	8689
3	8690
1	8695
2	8697
6	8700
8	8706
5	8707
1	8711
1	8712
4	8715
1	8719
7	8722
1	8725
3	8727
2	8728
2	8731
1	8734
1	8736
1	8737
3	8738
3	8740
2	8741
3	8743
2	8745
2	8747
1	8748
2	8752
5	8753
3	8754
1	8757
2	8759
3	8762
1	8767
6	8771
1	8775
2	8777
1	8780
7	8782
1	8788
1	8790
1	8791
2	8792
2	8793
2	8794
5	8795
4	8796
2	8798
2	8799
5	8800
1	8801
2	8803
1	8804
8	8810
2	8817
2	8818
2	8820
1	8823
2	8825
3	8827
1	8832
2	8833
2	8840
1	8842
1	8843
2	8844
3	8847
2	8848
2	8850
1	8853
6	8859
1	8860
3	8862
2	8864
1	8865
1	8866
2	8869
2	8870
2	8871
2	8872
1	8874
3	8881
4	8883
1	8889
3	8890
2	8895
4	8898
1	8899
1	8900
2	8905
1	8907
1	8908
4	8909
3	8911
3	8917
3	8918
4	8919
2	8925
1	8926
3	8930
2	8937
4	8940
2	8943
2	8945
1	8946
1	8947
1	8949
4	8952
3	8955
1	8958
2	8960
6	8961
3	8966
3	8973
4	8976
1	8977
1	8978
1	8982
4	8983
2	8984
1	8985
7	8986
3	8987
1	8991
2	8992
1	8995
4	8999
2	9004
2	9009
1	9010
2	9012
5	9015
2	9017
2	9019
1	9023
2	9025
3	9028
1	9031
4	9032
1	9036
1	9037
1	9039
3	9040
3	9042
11	9043
3	9044
2	9046
3	9047
1	9048
1	9050
1	9053
3	9055
2	9056
1	9057
1	9059
2	9063
2	9065
3	9067
6	9068
1	9072
2	9074
3	9075
1	9076
3	9077
2	9078
1	9083
2	9085
4	9086
3	9087
2	9092
2	9095
1	9097
2	9099
1	9100
2	9102
1	9105
4	9107
4	9110
3	9117
3	9119
3	9123
2	9124
2	9131
1	9134
1	9135
3	9139
1	9141
1	9143
3	9146
2	9148
1	9151
1	9156
2	9165
6	9166
6	9167
3	9168
1	9169
2	9175
5	9184
1	9185
1	9186
3	9189
3	9190
2	9192
1	9193
2	9197
5	9198
1	9201
2	9202
5	9207
7	9208
4	9210
1	9212
2	9220
7	9222
2	9223
1	9224
2	9226
1	9227
1	9232
2	9233
3	9242
2	9244
3	9245
3	9246
2	9249
4	9252
2	9259
2	9261
2	9262
2	9264
1	9268
1	9270
4	9274
1	9277
1	9280
3	9283
1	9284
2	9288
1	9289
1	9292
1	9294
1	9295
2	9301
3	9303
4	9304
1	9313
1	9314
1	9316
1	9317
1	9320
4	9321
2	9327
1	9329
2	9333
2	9335
1	9339
2	9342
1	9343
2	9344
2	9345
1	9346
2	9349
1	9350
2	9352
1	9353
2	9355
2	9360
5	9361
1	9363
1	9364
1	9368
3	9371
2	9376
1	9381
1	9382
2	9384
1	9386
1	9390
2	9391
5	9392
1	9393
1	9398
3	9399
2	9401
1	9404
2	9405
6	9407
1	9408
4	9409
2	9410
1	9416
2	9419
3	9420
1	9423
2	9428
1	9434
3	9435
2	9440
1	9441
2	9447
2	9450
2	9451
1	9452
2	9453
1	9454
1	9455
5	9456
2	9460
1	9461
9	9465
2	9472
3	9473
3	9475
1	9477
2	9479
1	9480
2	9482
2	9489
2	9492
1	9494
2	9495
5	9496
1	9497
1	9500
11	9501
1	9502
5	9503
2	9505
2	9508
3	9509
1	9510
2	9511
3	9513
1	9516
3	9518
2	9523
1	9528
2	9529
3	9530
1	9535
2	9536
1	9539
7	9540
5	9542
1	9543
1	9544
2	9545
2	9546
1	9550
1	9556
2	9557
2	9563
3	9564
1	9565
2	9566
1	9567
6	9568
2	9570
4	9572
2	9577
2	9581
3	9584
2	9586
6	9589
3	9593
1	9595
4	9598
5	9601
1	9606
3	9611
1	9613
2	9614
2	9618
1	9619
2	9624
6	9628
1	9630
2	9631
3	9634
2	9635
4	9637
1	9641
2	9643
4	9644
2	9645
1	9647
2	9650
1	9652
9	9653
3	9657
1	9658
2	9659
1	9661
2	9663
2	9666
1	9667
1	9668
1	9669
2	9671
3	9673
1	9676
1	9677
3	9681
5	9684
1	9686
2	9690
2	9691
3	9695
2	9696
6	9697
1	9698
2	9699
3	9701
7	9704
2	9705
3	9711
3	9715
1	9716
2	9717
1	9718
3	9719
1	9720
2	9722
1	9727
2	9729
5	9730
3	9731
1	9733
2	9734
2	9737
2	9740
1	9741
3	9744
3	9746
4	9747
4	9749
1	9752
2	9753
1	9755
2	9757
1	9760
3	9763
2	9764
1	9766
2	9769
3	9779
1	9781
3	9787
3	9789
4	9790
1	9793
2	9794
4	9795
1	9796
2	9797
2	9798
1	9801
2	9802
2	9805
2	9808
1	9812
2	9815
1	9817
1	9818
4	9824
3	9825
2	9829
3	9830
3	9832
2	9837
1	9843
2	9845
1	9849
1	9851
7	9853
1	9854
1	9855
5	9857
2	9858
2	9860
1	9861
2	9864
5	9865
1	9872
6	9875
1	9877
4	9878
1	9880
1	9881
2	9886
3	9889
5	9890
2	9892
3	9893
2	9894
3	9896
1	9897
1	9910
1	9911
2	9916
2	9917
1	9919
1	9920
5	9922
1	9931
1	9933
1	9934
2	9935
4	9936
1	9937
1	9940
1	9941
3	9942
2	9943
6	9945
6	9946
2	9948
9	9949
1	9951
4	9954
3	9955
1	9960
5	9962
3	9969
3	9972
1	9973
3	9976
1	9978
3	9980
1	9981
1	9982
5	9984
2	9986
1	9988
1	9990
5	9993
1	9995
1	9998
2	10002
2	10004
1	10005
3	10006
2	10011
1	10013
4	10014
7	10015
2	10016
1	10021
1	10022
5	10026
3	10028
1	10032
1	10034
2	10038
3	10041
2	10043
1	10046
1	10050
1	10051
2	10052
2	10053
3	10054
1	10055
1	10061
1	10067
1	10068
1	10070
2	10074
3	10075
1	10079
2	10080
2	10082
2	10083
5	10084
1	10085
1	10086
1	10089
1	10090
2	10091
2	10094
1	10095
2	10096
2	10097
1	10099
4	10103
1	10106
1	10113
2	10116
8	10121
5	10131
1	10132
3	10137
1	10138
2	10139
1	10141
1	10145
6	10146
3	10147
3	10148
1	10150
2	10151
1	10155
1	10156
2	10157
3	10158
1	10159
3	10161
1	10162
2	10165
1	10169
1	10172
1	10174
2	10175
2	10177
2	10178
2	10179
3	10180
2	10181
1	10185
1	10189
1	10190
1	10191
2	10193
2	10195
2	10197
1	10198
1	10200
3	10203
3	10207
2	10209
2	10210
10	10215
1	10216
1	10218
1	10219
1	10220
2	10221
2	10222
1	10223
1	10224
1	10225
2	10230
1	10232
2	10235
2	10236
4	10238
1	10239
2	10248
6	10250
5	10251
1	10253
1	10256
2	10259
2	10260
1	10261
1	10263
1	10265
1	10267
2	10268
3	10269
1	10271
1	10272
1	10275
3	10276
1	10285
1	10286
1	10287
2	10289
5	10295
1	10303
3	10305
1	10307
1	10310
1	10312
1	10314
1	10315
1	10316
3	10319
2	10320
1	10322
1	10324
6	10325
5	10329
1	10331
2	10332
6	10337
2	10338
4	10339
1	10340
4	10341
1	10344
4	10345
4	10348
10	10349
1	10351
2	10354
1	10355
2	10357
3	10360
5	10364
1	10366
1	10369
4	10373
3	10374
1	10376
1	10377
1	10379
1	10380
2	10384
2	10386
3	10387
1	10390
2	10391
3	10394
2	10395
2	10396
3	10398
2	10399
1	10400
1	10406
7	10410
3	10419
4	10420
5	10421
1	10423
2	10425
4	10426
2	10427
1	10434
1	10436
4	10437
1	10438
1	10439
3	10440
2	10442
1	10443
1	10444
2	10446
1	10452
4	10456
3	10459
1	10462
1	10465
3	10466
1	10467
2	10470
1	10471
3	10472
1	10476
3	10477
5	10484
2	10485
2	10486
2	10488
3	10489
2	10492
3	10496
3	10498
1	10500
3	10503
2	10504
1	10505
3	10509
1	10510
1	10513
1	10515
3	10516
1	10519
1	10520
5	10521
1	10524
2	10526
1	10527
1	10528
1	10529
1	10531
3	10533
1	10535
4	10538
1	10540
1	10543
3	10544
4	10548
4	10551
3	10553
1	10554
3	10555
2	10556
4	10557
2	10558
2	10560
1	10563
5	10564
6	10567
2	10571
1	10572
1	10574
1	10575
1	10576
7	10578
3	10579
1	10581
2	10582
1	10585
4	10586
2	10587
2	10588
2	10591
2	10592
1	10593
1	10594
6	10595
2	10596
6	10598
3	10600
1	10601
1	10606
1	10607
1	10608
1	10612
2	10613
2	10616
2	10618
1	10621
4	10622
5	10627
3	10628
2	10631
2	10635
2	10637
1	10638
2	10639
1	10640
1	10642
2	10643
1	10646
1	10647
1	10652
1	10653
3	10655
1	10657
4	10659
1	10662
3	10663
2	10665
2	10666
2	10667
3	10668
1	10674
1	10677
4	10680
1	10682
1	10683
7	10684
1	10685
1	10687
1	10689
4	10692
3	10697
1	10700
4	10701
5	10704
7	10706
2	10707
1	10709
1	10714
5	10715
4	10716
2	10719
1	10723
2	10724
2	10725
1	10729
3	10731
1	10732
1	10736
2	10738
2	10742
2	10743
2	10745
5	10746
1	10752
4	10760
2	10762
1	10765
4	10766
3	10767
1	10768
2	10770
5	10771
3	10773
1	10775
4	10776
2	10777
2	10778
3	10780
3	10781
3	10785
2	10787
2	10791
1	10792
3	10797
5	10798
1	10799
1	10803
2	10804
1	10806
1	10807
1	10808
1	10812
1	10815
1	10816
3	10817
2	10819
1	10827
2	10834
3	10835
1	10836
2	10838
2	10839
5	10842
2	10844
2	10845
1	10846
2	10849
1	10852
2	10855
3	10857
3	10860
2	10862
2	10868
1	10869
1	10875
1	10876
6	10877
1	10878
4	10879
1	10880
2	10882
5	10884
1	10885
2	10886
3	10892
2	10896
1	10897
2	10900
1	10901
7	10902
2	10908
2	10912
2	10913
2	10915
4	10916
2	10917
1	10918
1	10921
1	10923
2	10926
3	10927
3	10932
2	10933
3	10938
3	10940
3	10941
5	10942
5	10943
1	10945
4	10947
1	10952
2	10954
1	10955
2	10956
2	10964
1	10968
4	10969
1	10971
3	10974
1	10979
1	10986
2	10988
2	10990
1	10992
3	10993
1	10994
1	10996
2	10998
2	10999
1	11004
1	11005
1	11006
3	11010
2	11011
3	11012
3	11013
2	11015
3	11017
2	11023
6	11027
4	11028
1	11030
2	11032
2	11033
1	11036
1	11042
1	11043
3	11044
3	11046
3	11050
2	11051
1	11052
2	11054
7	11055
2	11056
3	11059
1	11060
2	11061
1	11062
3	11064
1	11065
3	11066
1	11067
1	11070
5	11072
2	11073
1	11075
1	11076
1	11077
4	11082
2	11084
2	11085
1	11087
1	11088
2	11091
1	11094
1	11095
1	11099
2	11100
1	11101
3	11104
2	11106
3	11108
1	11109
3	11110
6	11111
1	11112
1	11114
6	11116
1	11117
1	11118
3	11121
2	11125
3	11126
3	11128
2	11129
3	11137
2	11138
1	11140
2	11141
1	11145
1	11146
2	11147
1	11148
2	11151
3	11158
1	11161
2	11162
2	11165
2	11166
1	11167
4	11169
1	11171
5	11175
3	11176
2	11179
2	11182
1	11184
3	11186
3	11190
3	11192
3	11193
2	11196
3	11205
2	11206
1	11208
5	11211
1	11212
2	11216
2	11219
1	11221
1	11223
1	11224
3	11226
1	11227
2	11231
4	11232
1	11233
3	11237
1	11239
1	11243
1	11244
1	11251
3	11254
2	11255
2	11256
2	11257
1	11261
1	11264
1	11266
1	11267
3	11268
1	11269
1	11272
1	11273
2	11275
2	11277
2	11284
2	11290
1	11293
2	11295
1	11296
1	11298
1	11304
2	11309
2	11316
9	11317
1	11323
1	11325
2	11326
1	11329
1	11331
1	11333
1	11335
1	11336
1	11341
2	11344
1	11351
1	11353
3	11354
1	11358
6	11359
3	11361
3	11367
3	11368
1	11371
3	11373
1	11375
1	11376
8	11377
1	11378
2	11379
2	11380
2	11382
1	11383
1	11384
2	11385
2	11387
1	11388
2	11389
6	11394
1	11398
3	11402
1	11403
7	11405
6	11406
3	11407
3	11408
1	11414
1	11415
1	11417
3	11418
3	11419
2	11421
2	11422
3	11424
3	11427
2	11428
4	11430
3	11433
1	11436
1	11438
2	11443
1	11444
5	11448
2	11449
2	11451
1	11456
1	11458
2	11460
1	11462
4	11464
4	11468
4	11469
2	11472
4	11475
3	11476
3	11477
1	11480
3	11482
3	11484
3	11485
2	11486
1	11487
3	11491
2	11492
3	11494
3	11496
1	11498
1	11499
4	11500
4	11505
1	11507
2	11508
2	11511
5	11512
1	11513
1	11515
4	11520
1	11522
3	11523
2	11531
1	11533
2	11536
4	11538
1	11539
1	11540
10	11541
2	11546
2	11550
1	11554
1	11555
4	11556
4	11560
2	11561
1	11563
3	11564
1	11565
2	11566
1	11569
1	11571
1	11572
1	11575
2	11576
1	11580
2	11582
2	11585
3	11586
2	11591
2	11595
7	11597
6	11598
5	11600
1	11606
1	11610
3	11612
3	11614
1	11619
1	11620
1	11621
5	11622
4	11624
2	11631
1	11632
5	11635
1	11636
2	11637
1	11638
3	11639
7	11640
1	11645
6	11646
1	11647
7	11648
3	11649
2	11651
1	11653
1	11655
2	11664
3	11665
1	11666
4	11667
1	11670
4	11677
1	11680
1	11682
2	11683
2	11684
1	11686
1	11689
3	11692
1	11693
2	11694
6	11697
2	11700
2	11701
4	11704
1	11706
4	11708
1	11709
4	11710
2	11711
2	11713
5	11716
3	11717
2	11719
6	11720
2	11722
3	11725
1	11726
2	11730
1	11731
4	11736
1	11738
6	11739
1	11744
1	11746
2	11748
1	11750
3	11756
2	11757
1	11761
1	11762
2	11766
2	11768
3	11770
1	11771
4	11774
3	11776
3	11777
3	11788
8	11790
5	11793
2	11794
5	11795
1	11796
2	11799
1	11803
1	11804
1	11805
3	11810
1	11814
2	11815
2	11817
1	11826
4	11827
1	11828
3	11830
2	11831
1	11833
2	11834
1	11838
6	11840
3	11841
2	11842
3	11844
3	11845
6	11847
1	11848
1	11849
1	11850
1	11851
1	11852
1	11854
3	11855
2	11859
1	11862
1	11863
1	11866
2	11869
3	11871
1	11872
2	11873
1	11879
4	11881
10	11882
1	11883
2	11884
3	11887
1	11888
2	11892
1	11893
1	11894
5	11896
1	11897
4	11898
1	11903
1	11904
3	11905
2	11906
4	11908
2	11909
3	11910
5	11912
1	11915
9	11918
3	11919
1	11922
1	11925
4	11926
8	11932
1	11933
1	11940
4	11941
1	11943
2	11945
3	11948
1	11950
1	11951
2	11953
7	11956
2	11959
1	11960
3	11963
4	11968
2	11970
1	11971
1	11973
3	11974
1	11977
4	11978
1	11979
1	11982
2	11983
1	11984
4	11985
1	11987
2	11988
3	11989
1	11992
1	11993
2	11999
3	12000
2	12003
4	12005
7	12009
2	12012
5	12013
1	12014
4	12018
8	12024
1	12028
2	12030
2	12032
1	12033
6	12034
2	12035
1	12038
1	12039
1	12040
2	12044
6	12049
1	12051
2	12056
2	12058
2	12070
3	12072
5	12074
4	12075
3	12079
4	12080
7	12082
3	12084
4	12085
1	12087
2	12088
3	12091
1	12092
1	12095
1	12098
2	12099
6	12100
2	12101
6	12103
3	12105
6	12106
1	12107
1	12109
3	12113
1	12114
3	12117
1	12119
1	12121
2	12122
1	12125
2	12127
1	12128
1	12131
4	12132
4	12133
4	12134
3	12137
2	12138
3	12139
1	12141
3	12143
2	12144
2	12147
1	12149
8	12151
2	12152
3	12155
1	12156
1	12157
5	12167
1	12170
1	12172
1	12175
1	12179
10	12185
1	12187
5	12189
2	12193
6	12194
4	12195
2	12196
1	12198
2	12200
1	12204
4	12208
1	12210
1	12211
1	12212
4	12213
2	12217
1	12218
5	12219
3	12220
1	12221
1	12223
1	12225
4	12226
1	12227
1	12229
4	12232
1	12234
1	12235
1	12236
2	12237
2	12239
2	12241
1	12242
10	12243
1	12244
4	12245
4	12246
3	12248
3	12252
4	12253
4	12260
1	12262
1	12266
3	12267
1	12268
1	12270
4	12272
2	12273
1	12275
1	12279
2	12281
2	12282
2	12283
4	12284
1	12287
1	12289
3	12296
3	12297
1	12298
1	12299
2	12300
4	12302
2	12303
1	12306
2	12307
1	12309
2	12312
1	12314
2	12319
2	12320
4	12322
1	12323
1	12330
1	12331
1	12332
9	12333
1	12334
6	12335
1	12337
2	12340
2	12344
1	12345
2	12346
1	12348
3	12349
1	12350
3	12351
1	12352
2	12354
1	12356
5	12359
2	12367
3	12369
2	12370
1	12371
3	12375
2	12376
1	12379
1	12383
1	12384
1	12385
1	12387
1	12389
1	12394
1	12395
2	12396
2	12400
1	12401
1	12403
3	12404
1	12405
2	12409
1	12410
1	12414
3	12417
3	12420
1	12421
1	12422
4	12424
8	12425
1	12429
3	12430
10	12435
4	12436
2	12437
1	12442
3	12445
2	12446
1	12449
1	12451
1	12455
2	12456
4	12457
1	12459
2	12460
1	12461
5	12463
2	12464
3	12465
4	12469
2	12472
1	12478
2	12479
9	12482
2	12484
2	12486
1	12488
5	12493
13	12494
1	12497
1	12500
4	12501
1	12503
4	12506
2	12507
1	12509
1	12510
1	12516
1	12517
5	12520
1	12521
4	12523
3	12524
1	12525
2	12526
5	12531
5	12534
2	12535
3	12537
1	12538
1	12541
2	12542
1	12543
2	12544
2	12546
1	12560
1	12561
1	12564
3	12565
1	12567
1	12570
1	12574
2	12575
2	12576
3	12577
5	12579
3	12581
3	12582
1	12584
2	12586
6	12587
3	12590
3	12591
2	12592
1	12593
2	12594
1	12595
2	12596
2	12601
1	12605
2	12606
1	12607
2	12609
2	12613
4	12614
1	12616
4	12617
1	12621
3	12624
8	12630
4	12631
1	12636
1	12638
1	12640
1	12641
1	12645
2	12653
2	12654
3	12655
2	12660
2	12661
2	12663
3	12664
7	12665
2	12666
2	12669
4	12672
1	12673
2	12674
3	12679
8	12681
4	12685
1	12687
1	12689
1	12691
2	12692
3	12693
4	12695
5	12696
3	12697
1	12698
1	12701
1	12702
3	12706
2	12708
1	12710
2	12713
2	12714
2	12716
3	12718
1	12723
2	12725
1	12727
3	12728
5	12730
6	12735
3	12737
1	12739
1	12741
2	12742
3	12743
1	12744
3	12746
1	12751
1	12753
3	12757
1	12762
2	12764
4	12766
2	12769
1	12772
1	12773
1	12779
5	12781
1	12782
2	12785
1	12786
2	12787
2	12788
1	12790
3	12791
1	12801
2	12802
1	12804
1	12805
5	12807
4	12809
5	12811
6	12812
2	12814
1	12816
3	12817
2	12824
4	12826
3	12828
3	12830
8	12833
3	12837
1	12838
1	12840
1	12841
1	12842
3	12843
4	12850
1	12852
1	12853
2	12854
1	12855
3	12859
3	12860
1	12864
3	12865
2	12866
2	12871
4	12872
2	12873
3	12878
2	12880
1	12884
3	12885
3	12888
1	12889
1	12893
2	12898
4	12902
2	12903
1	12904
3	12905
3	12907
1	12910
1	12912
2	12913
4	12915
1	12919
2	12920
1	12923
2	12924
1	12925
1	12926
2	12927
2	12928
2	12929
1	12934
4	12935
1	12936
1	12938
2	12939
1	12940
2	12941
2	12942
3	12943
5	12944
5	12948
5	12949
1	12951
3	12953
1	12954
3	12958
3	12959
1	12962
6	12963
6	12964
9	12968
2	12972
3	12976
1	12979
3	12980
1	12981
1	12983
1	12985
4	12986
1	12987
4	12989
2	12990
4	12992
7	12994
4	12995
1	12996
1	12999
1	13000
3	13001
1	13003
1	13006
2	13007
4	13011
1	13013
2	13014
1	13018
3	13019
3	13021
2	13022
1	13026
2	13028
1	13032
1	13034
6	13038
1	13039
1	13042
6	13043
1	13045
1	13046
1	13050
2	13054
1	13060
1	13062
1	13067
2	13068
2	13069
1	13072
1	13076
1	13077
2	13079
1	13080
1	13081
2	13083
1	13085
1	13087
2	13088
2	13090
1	13092
9	13093
8	13094
1	13095
1	13096
2	13097
1	13098
3	13107
14	13110
1	13111
1	13112
4	13113
1	13114
2	13115
1	13119
1	13123
3	13124
2	13126
4	13128
1	13129
2	13133
1	13136
1	13137
2	13138
1	13139
1	13142
1	13144
2	13145
1	13146
1	13147
3	13148
1	13150
2	13152
1	13153
2	13155
5	13156
1	13157
1	13158
1	13159
1	13160
1	13164
1	13166
3	13168
9	13169
5	13170
2	13172
3	13176
1	13177
1	13180
3	13182
2	13184
1	13187
2	13188
2	13190
2	13191
1	13192
4	13196
3	13199
3	13200
3	13205
1	13210
1	13214
1	13215
1	13218
1	13220
1	13221
7	13225
1	13227
3	13230
2	13231
3	13232
2	13233
6	13234
3	13235
1	13240
1	13241
2	13243
3	13245
3	13249
1	13254
1	13255
3	13259
2	13260
1	13261
1	13263
3	13268
2	13271
1	13274
1	13275
2	13277
2	13281
8	13283
4	13284
6	13286
2	13289
8	13294
3	13295
3	13297
2	13298
1	13299
1	13300
3	13302
1	13305
1	13307
3	13310
1	13314
2	13315
2	13316
2	13321
2	13322
1	13323
1	13324
1	13327
2	13331
7	13332
1	13336
1	13337
1	13339
4	13348
3	13349
1	13352
1	13354
1	13360
2	13364
2	13365
1	13370
2	13372
1	13374
2	13377
1	13378
4	13381
3	13383
3	13384
1	13385
1	13387
5	13389
6	13391
1	13393
2	13395
1	13397
1	13399
3	13400
2	13401
2	13403
1	13405
2	13407
1	13413
2	13414
1	13415
1	13418
3	13423
1	13425
1	13430
1	13436
1	13438
7	13440
3	13443
1	13446
2	13447
3	13449
1	13456
2	13458
1	13459
1	13460
3	13461
2	13463
6	13464
4	13466
4	13469
1	13470
2	13471
1	13472
1	13473
3	13474
4	13475
1	13477
1	13479
1	13485
1	13486
1	13487
2	13492
1	13497
2	13499
2	13504
3	13507
1	13510
7	13514
4	13515
5	13517
2	13518
1	13520
5	13522
1	13524
3	13526
3	13528
1	13530
1	13531
1	13532
2	13536
6	13543
1	13545
1	13546
2	13549
1	13550
1	13551
1	13554
3	13557
2	13561
3	13563
1	13564
1	13568
3	13571
8	13572
1	13576
1	13577
5	13578
2	13580
2	13583
3	13585
2	13589
10	13590
3	13591
5	13594
2	13595
2	13596
2	13597
1	13599
7	13602
3	13605
2	13614
1	13617
1	13620
1	13622
2	13623
7	13627
1	13628
1	13629
1	13630
1	13631
1	13632
2	13633
1	13635
2	13636
3	13642
2	13644
2	13646
1	13649
1	13652
2	13655
1	13657
2	13658
3	13659
2	13660
2	13662
2	13663
1	13668
2	13670
1	13673
1	13677
3	13680
3	13682
1	13687
1	13696
2	13698
1	13699
1	13700
1	13702
2	13704
1	13708
2	13710
2	13711
2	13713
1	13715
1	13716
1	13717
2	13724
2	13725
1	13726
1	13728
3	13729
1	13730
2	13732
3	13734
2	13735
1	13736
2	13738
1	13740
1	13741
1	13742
2	13743
9	13744
2	13747
2	13749
1	13751
2	13753
1	13757
1	13759
1	13761
2	13763
1	13765
1	13769
3	13770
1	13777
3	13778
2	13779
3	13780
2	13781
1	13793
2	13794
1	13795
1	13796
1	13797
2	13798
1	13799
6	13801
2	13805
1	13809
2	13810
1	13811
2	13814
1	13815
3	13822
1	13823
4	13824
2	13825
2	13828
1	13829
2	13830
1	13833
1	13842
1	13845
6	13849
1	13851
1	13852
4	13860
3	13863
1	13864
2	13866
2	13867
1	13869
2	13872
1	13873
1	13875
2	13876
3	13877
2	13878
2	13881
4	13885
1	13887
1	13889
6	13892
1	13893
1	13894
2	13900
2	13901
5	13903
3	13906
8	13907
6	13911
4	13913
2	13914
2	13918
3	13919
8	13923
2	13924
3	13925
4	13926
1	13931
1	13934
1	13936
3	13940
1	13941
4	13942
1	13946
4	13949
2	13955
3	13957
1	13958
2	13960
3	13961
4	13962
1	13966
2	13967
2	13968
2	13970
2	13974
1	13975
1	13976
1	13979
1	13980
3	13981
3	13982
4	13984
4	13985
3	13986
1	13992
1	13993
1	13994
1	13995
2	13997
1	14000
1	14003
1	14004
1	14007
2	14009
5	14015
1	14018
8	14020
3	14025
2	14027
2	14029
1	14031
1	14033
9	14034
1	14037
2	14040
2	14045
1	14046
1	14047
1	14049
11	14051
2	14053
2	14055
1	14056
2	14059
2	14061
2	14062
2	14064
2	14065
3	14070
6	14073
3	14076
2	14084
5	14089
1	14090
6	14093
4	14095
1	14096
4	14102
1	14103
2	14105
2	14106
2	14107
3	14112
3	14113
1	14116
3	14117
1	14118
8	14119
1	14120
2	14121
1	14123
1	14127
1	14128
3	14129
2	14132
2	14136
2	14137
1	14139
4	14143
1	14145
1	14149
1	14152
2	14154
1	14155
2	14157
4	14162
1	14164
2	14166
1	14167
2	14172
2	14173
1	14176
5	14177
1	14178
2	14181
2	14183
2	14184
2	14185
3	14187
1	14188
2	14190
1	14194
5	14195
1	14196
1	14198
1	14202
1	14207
1	14208
2	14209
2	14212
6	14213
2	14216
1	14217
1	14218
2	14219
1	14221
1	14224
2	14227
1	14228
5	14230
1	14232
4	14233
1	14235
8	14238
4	14239
1	14240
2	14244
2	14246
1	14247
3	14252
5	14253
2	14254
1	14257
1	14260
2	14261
1	14263
1	14265
3	14266
3	14268
3	14269
1	14271
5	14273
2	14274
2	14276
1	14277
2	14280
1	14282
2	14285
2	14290
1	14291
2	14292
2	14293
4	14296
2	14297
2	14299
4	14300
1	14301
2	14305
2	14307
2	14310
3	14313
1	14314
3	14315
2	14318
3	14322
2	14323
5	14324
2	14326
1	14327
1	14331
5	14335
2	14336
3	14338
9	14339
1	14343
1	14348
2	14349
1	14350
1	14351
1	14356
1	14357
1	14359
2	14361
2	14363
1	14365
1	14367
1	14372
1	14380
1	14382
1	14384
1	14385
1	14386
2	14389
2	14391
1	14394
1	14396
2	14399
1	14400
1	14402
1	14403
1	14408
1	14409
3	14415
2	14416
1	14417
3	14419
2	14420
1	14421
5	14422
2	14423
4	14425
2	14428
1	14433
2	14438
1	14439
3	14443
2	14444
1	14446
2	14447
2	14448
2	14450
2	14451
1	14462
1	14466
4	14467
2	14472
1	14474
1	14475
1	14476
3	14477
5	14479
2	14480
1	14481
3	14483
2	14485
1	14488
2	14489
1	14491
2	14495
2	14497
1	14498
2	14501
1	14509
5	14510
2	14519
1	14521
1	14526
5	14527
2	14528
2	14531
2	14534
6	14535
3	14536
1	14537
1	14538
4	14539
1	14540
3	14544
3	14546
1	14548
5	14550
2	14551
1	14553
1	14554
1	14555
2	14558
2	14559
1	14560
1	14561
2	14568
2	14570
2	14573
5	14574
1	14577
1	14584
4	14585
3	14586
4	14587
1	14588
5	14590
2	14592
2	14594
1	14598
2	14599
1	14600
2	14601
2	14602
2	14603
3	14604
3	14608
2	14612
1	14613
11	14614
1	14617
2	14620
1	14622
2	14623
3	14628
8	14631
4	14633
6	14634
2	14635
3	14636
1	14637
1	14638
1	14640
1	14642
6	14645
2	14648
1	14649
13	14650
2	14651
1	14654
1	14655
2	14661
3	14662
3	14664
5	14667
2	14668
1	14672
2	14673
2	14674
3	14676
2	14681
2	14682
1	14689
1	14690
2	14691
2	14695
1	14697
2	14699
3	14700
1	14701
3	14702
4	14705
1	14708
1	14711
1	14713
2	14714
1	14715
2	14718
1	14719
2	14722
1	14723
1	14728
1	14729
8	14731
2	14732
1	14736
2	14740
2	14742
1	14743
2	14747
6	14748
3	14749
1	14753
2	14755
1	14756
1	14757
2	14758
1	14759
1	14762
2	14764
12	14770
3	14771
1	14773
3	14775
1	14776
4	14779
8	14781
2	14783
1	14785
2	14786
2	14788
1	14790
2	14791
5	14794
1	14796
1	14799
2	14804
4	14805
1	14808
1	14809
1	14815
2	14816
2	14817
3	14818
2	14819
3	14820
3	14822
2	14827
2	14830
2	14831
3	14832
1	14834
1	14835
5	14839
2	14841
1	14843
3	14845
2	14847
3	14848
1	14853
1	14854
4	14857
3	14858
1	14860
1	14861
1	14862
1	14866
1	14868
1	14869
2	14871
2	14873
1	14875
2	14882
2	14885
2	14887
1	14893
1	14894
2	14895
1	14902
2	14904
2	14905
1	14906
1	14907
2	14909
2	14910
3	14915
4	14918
2	14923
3	14926
5	14933
2	14941
1	14942
2	14944
2	14945
1	14946
3	14947
2	14948
3	14949
1	14953
2	14956
2	14959
4	14962
2	14963
1	14964
2	14969
1	14970
3	14972
3	14979
2	14980
1	14982
1	14985
2	14987
1	14992
4	14994
1	14995
1	14999
2	15004
2	15006
3	15009
3	15010
3	15012
1	15013
2	15014
1	15015
2	15017
2	15019
2	15023
2	15026
1	15027
1	15028
2	15038
2	15040
1	15041
1	15042
1	15046
2	15047
1	15051
2	15052
3	15054
1	15056
3	15060
1	15062
3	15064
2	15068
1	15071
6	15072
1	15075
1	15076
2	15078
1	15079
1	15082
1	15086
3	15087
2	15091
1	15094
1	15097
2	15099
1	15100
1	15102
2	15104
1	15105
3	15106
1	15109
5	15111
3	15113
1	15114
1	15115
5	15116
6	15118
2	15119
1	15120
2	15127
1	15131
3	15133
2	15134
1	15135
1	15137
5	15142
1	15143
1	15145
3	15147
1	15148
7	15149
7	15150
2	15151
2	15153
3	15154
3	15156
1	15161
1	15162
4	15166
3	15169
2	15171
2	15172
2	15179
2	15181
2	15187
2	15192
1	15193
2	15195
1	15197
2	15198
3	15199
3	15201
3	15202
4	15208
1	15212
3	15214
4	15218
4	15221
1	15222
1	15224
3	15225
2	15227
1	15228
1	15233
2	15234
1	15236
3	15237
2	15242
2	15246
2	15248
2	15250
1	15251
1	15252
3	15255
8	15257
1	15262
3	15265
2	15268
2	15270
2	15272
4	15275
1	15276
2	15277
1	15279
1	15280
1	15281
1	15285
1	15286
1	15288
1	15289
1	15298
1	15301
2	15303
3	15304
4	15305
1	15306
3	15307
1	15310
3	15311
2	15316
2	15318
1	15324
1	15327
1	15334
1	15337
6	15338
1	15340
1	15342
1	15343
3	15347
2	15348
3	15356
1	15362
3	15366
2	15370
4	15372
1	15375
1	15381
1	15383
2	15384
5	15389
3	15390
2	15392
2	15393
3	15394
1	15396
1	15399
2	15400
2	15402
3	15408
3	15410
4	15412
2	15413
1	15414
5	15415
2	15416
4	15420
1	15421
1	15423
2	15427
4	15428
2	15430
1	15432
3	15435
2	15438
1	15440
2	15441
3	15442
6	15443
1	15446
3	15447
2	15448
1	15449
1	15451
5	15453
1	15454
2	15455
1	15458
5	15461
1	15462
1	15465
1	15466
4	15468
8	15469
2	15470
1	15471
2	15473
4	15476
1	15477
1	15480
3	15481
1	15482
1	15483
1	15484
4	15489
1	15491
3	15493
2	15495
1	15497
2	15499
1	15504
1	15507
2	15514
2	15517
1	15519
1	15521
3	15522
8	15525
1	15529
1	15531
5	15533
1	15536
2	15538
3	15539
1	15541
1	15543
2	15544
2	15545
4	15547
1	15549
2	15550
1	15552
1	15553
3	15557
1	15562
3	15566
3	15568
8	15574
1	15575
1	15578
3	15580
2	15581
1	15583
1	15584
4	15588
4	15589
1	15591
1	15592
3	15594
1	15597
1	15600
5	15601
2	15602
4	15606
2	15607
1	15608
2	15609
2	15610
2	15611
2	15613
1	15615
3	15617
8	15618
3	15620
3	15622
5	15625
2	15626
1	15627
3	15628
1	15631
3	15632
4	15633
1	15638
1	15641
3	15645
5	15647
1	15648
1	15653
1	15655
2	15660
4	15661
3	15662
2	15665
2	15670
7	15671
3	15672
2	15673
1	15674
2	15675
2	15678
3	15681
2	15684
2	15685
2	15686
3	15687
1	15689
4	15691
4	15692
1	15694
2	15695
1	15696
1	15705
3	15706
1	15707
3	15708
1	15710
1	15711
2	15713
7	15716
1	15718
1	15720
4	15721
3	15723
3	15725
4	15726
1	15730
2	15735
2	15736
3	15739
4	15740
1	15742
1	15744
1	15746
3	15747
3	15749
1	15750
3	15754
3	15759
3	15760
2	15764
2	15765
2	15766
1	15768
3	15769
1	15770
4	15772
5	15774
1	15775
2	15776
4	15777
8	15781
1	15783
1	15785
1	15786
5	15787
1	15790
6	15791
1	15792
2	15794
1	15796
7	15798
2	15799
4	15801
6	15810
1	15814
1	15815
7	15817
2	15822
1	15824
2	15827
2	15829
2	15830
2	15832
3	15835
2	15836
6	15840
1	15843
2	15847
2	15851
2	15852
2	15853
1	15859
3	15862
1	15864
1	15869
2	15872
1	15873
1	15874
1	15875
1	15877
2	15879
2	15880
2	15881
1	15883
4	15886
1	15887
1	15889
3	15891
2	15893
4	15894
8	15896
3	15898
2	15899
1	15902
2	15905
4	15911
3	15915
5	15917
1	15921
1	15923
1	15924
2	15926
1	15932
2	15934
1	15937
3	15938
3	15941
1	15944
3	15946
1	15949
1	15950
1	15951
2	15957
1	15958
3	15960
5	15961
1	15962
2	15963
3	15964
4	15965
1	15966
1	15967
2	15978
1	15979
10	15981
2	15983
1	15985
5	15986
2	15988
3	15989
1	15994
2	16000
2	16001
2	16002
3	16003
2	16004
2	16008
2	16010
3	16014
1	16015
3	16017
1	16021
1	16025
2	16026
2	16031
13	16037
1	16038
1	16044
1	16046
1	16047
3	16049
2	16050
2	16051
7	16053
7	16058
1	16061
1	16062
4	16064
6	16066
5	16071
2	16072
1	16073
2	16074
6	16075
1	16076
2	16079
1	16080
1	16086
3	16087
1	16088
1	16090
2	16092
3	16093
4	16095
3	16097
4	16098
1	16100
1	16101
2	16111
5	16113
1	16114
2	16115
2	16116
2	16118
2	16120
2	16122
7	16125
2	16127
1	16129
1	16131
1	16134
2	16136
2	16137
1	16141
1	16143
1	16146
4	16150
4	16151
2	16152
1	16153
4	16155
2	16158
1	16161
4	16162
4	16163
3	16165
1	16168
1	16169
1	16171
2	16172
3	16173
1	16175
1	16179
2	16187
4	16188
7	16190
2	16192
1	16194
1	16196
2	16198
1	16199
1	16200
1	16202
1	16203
2	16204
1	16205
2	16206
2	16207
6	16208
4	16210
1	16212
4	16214
4	16217
1	16219
1	16222
2	16223
9	16224
2	16229
1	16230
1	16233
2	16240
2	16243
1	16245
2	16247
2	16248
6	16249
3	16256
2	16260
3	16261
2	16262
1	16263
6	16264
4	16265
2	16268
2	16271
3	16276
5	16277
2	16286
4	16288
1	16290
1	16291
1	16292
1	16294
2	16295
1	16296
4	16297
2	16299
1	16301
3	16304
1	16307
1	16309
1	16310
1	16312
1	16313
1	16314
1	16315
2	16318
1	16319
3	16320
2	16321
1	16322
3	16325
2	16329
1	16332
2	16335
5	16337
3	16340
1	16341
3	16342
1	16348
2	16350
8	16352
1	16355
2	16356
4	16357
1	16361
2	16362
3	16363
1	16367
1	16368
1	16370
4	16371
2	16372
1	16374
2	16378
1	16379
1	16382
3	16385
2	16387
4	16390
4	16391
1	16397
3	16400
1	16401
4	16402
1	16404
1	16407
1	16408
1	16411
1	16412
4	16418
4	16419
8	16420
1	16424
1	16428
2	16429
1	16430
1	16436
3	16438
2	16440
2	16442
3	16445
3	16447
2	16448
3	16449
2	16451
3	16454
3	16458
3	16460
4	16464
1	16465
2	16467
2	16469
3	16471
1	16472
5	16474
6	16476
3	16480
3	16482
1	16483
8	16485
2	16486
4	16487
1	16488
1	16491
3	16492
1	16502
1	16505
1	16508
2	16511
2	16514
3	16515
2	16516
1	16520
1	16521
1	16522
2	16523
1	16525
2	16528
1	16531
3	16533
3	16534
2	16535
2	16539
3	16543
2	16545
2	16546
2	16549
1	16551
2	16553
3	16556
3	16557
1	16561
1	16562
2	16563
2	16564
1	16568
2	16583
2	16585
2	16586
9	16596
1	16597
3	16599
4	16600
1	16602
2	16603
1	16604
1	16606
1	16609
2	16610
2	16612
1	16613
1	16615
1	16616
4	16617
2	16619
4	16621
1	16622
2	16625
1	16627
1	16628
1	16629
3	16630
1	16631
1	16632
5	16633
2	16634
11	16635
2	16637
1	16640
2	16641
1	16643
1	16644
1	16645
2	16647
2	16648
3	16653
3	16654
1	16655
2	16664
2	16665
4	16667
1	16669
3	16670
1	16672
1	16673
2	16677
1	16678
1	16679
2	16682
3	16683
1	16684
1	16685
1	16687
2	16688
2	16692
2	16696
4	16697
1	16700
2	16702
3	16704
2	16705
2	16710
6	16711
2	16713
1	16714
2	16718
4	16722
3	16726
1	16728
3	16732
1	16737
1	16738
5	16739
4	16741
1	16743
6	16746
3	16747
1	16749
2	16754
2	16765
2	16767
1	16768
1	16769
3	16770
1	16781
1	16785
1	16789
2	16795
3	16797
1	16801
4	16802
3	16803
4	16804
1	16807
7	16808
1	16810
1	16811
3	16812
2	16814
2	16815
4	16819
1	16822
3	16824
1	16825
1	16832
2	16840
2	16841
1	16842
1	16843
3	16846
1	16850
7	16854
2	16859
1	16861
1	16862
3	16863
2	16864
1	16867
2	16868
1	16870
2	16872
1	16873
1	16874
1	16875
5	16876
1	16877
1	16878
4	16879
2	16881
3	16883
3	16884
1	16887
2	16888
3	16889
2	16890
2	16891
3	16892
3	16893
2	16894
4	16898
3	16900
4	16903
3	16904
5	16905
2	16909
2	16911
2	16912
1	16916
2	16917
2	16918
2	16919
2	16924
1	16925
1	16927
2	16929
1	16930
4	16931
2	16932
3	16935
1	16936
1	16937
1	16942
1	16943
3	16944
1	16945
2	16947
1	16950
1	16952
3	16953
1	16954
1	16955
4	16958
2	16959
2	16960
1	16961
3	16962
3	16964
1	16966
1	16967
1	16968
2	16969
1	16973
1	16978
1	16979
1	16983
1	16985
2	16987
2	16988
3	16990
1	16993
1	16997
7	17002
2	17006
4	17008
1	17010
4	17012
1	17017
2	17018
2	17021
1	17022
3	17023
1	17026
1	17033
1	17034
2	17035
4	17036
3	17038
1	17039
2	17040
4	17043
2	17044
4	17046
1	17049
6	17052
5	17056
4	17057
2	17058
1	17059
4	17067
5	17070
4	17071
3	17073
1	17076
2	17079
6	17080
4	17082
2	17085
2	17086
2	17087
4	17088
1	17091
2	17093
2	17094
3	17095
1	17097
1	17098
1	17102
1	17104
2	17106
1	17107
5	17109
1	17113
4	17115
1	17118
1	17120
1	17121
2	17123
1	17126
2	17127
1	17129
4	17130
9	17135
2	17139
1	17140
2	17141
1	17143
1	17147
1	17149
3	17151
2	17153
1	17155
1	17161
2	17163
3	17165
3	17166
3	17167
3	17170
2	17172
4	17173
1	17178
1	17182
2	17185
1	17187
2	17188
2	17189
5	17190
1	17191
1	17193
1	17195
6	17196
2	17201
2	17202
1	17203
4	17209
1	17210
1	17214
1	17217
1	17219
2	17220
3	17221
2	17222
1	17228
3	17233
1	17234
3	17235
2	17238
1	17239
2	17241
3	17242
2	17246
2	17248
1	17251
1	17252
1	17253
2	17254
2	17255
3	17256
2	17264
1	17269
5	17274
4	17279
3	17281
1	17282
1	17283
1	17284
2	17286
2	17287
3	17289
2	17295
1	17297
1	17298
1	17299
1	17300
2	17308
2	17311
3	17313
3	17316
1	17318
2	17321
4	17322
1	17324
3	17325
1	17326
1	17327
1	17330
4	17333
1	17334
2	17335
2	17337
6	17342
2	17343
1	17350
2	17351
1	17352
5	17354
2	17356
1	17360
1	17362
1	17367
1	17372
2	17373
3	17374
3	17375
3	17377
2	17379
2	17382
1	17384
4	17385
1	17386
2	17391
2	17392
3	17396
10	17400
3	17401
3	17402
1	17406
1	17407
1	17409
2	17411
1	17412
1	17415
4	17416
2	17417
1	17422
1	17423
4	17425
5	17426
1	17427
1	17431
1	17433
1	17434
3	17436
2	17439
1	17440
1	17441
2	17443
2	17445
1	17446
5	17448
1	17449
1	17450
1	17452
2	17455
1	17457
5	17459
1	17460
1	17462
1	17463
2	17464
1	17466
3	17469
1	17473
1	17475
2	17476
1	17478
1	17482
3	17485
2	17487
1	17488
1	17489
5	17493
3	17495
1	17497
1	17498
2	17501
2	17502
3	17503
8	17505
3	17506
3	17507
1	17509
1	17511
2	17517
4	17518
3	17519
1	17520
3	17522
1	17523
1	17525
2	17526
8	17531
2	17534
1	17535
1	17536
2	17538
1	17539
2	17547
2	17548
1	17549
1	17550
5	17552
3	17557
2	17558
9	17559
1	17562
6	17565
1	17567
2	17568
2	17570
1	17574
2	17575
2	17576
1	17577
2	17578
1	17580
3	17583
1	17585
3	17588
1	17593
2	17594
8	17595
2	17597
2	17600
2	17601
3	17602
3	17603
1	17604
2	17607
1	17609
3	17610
2	17611
1	17615
2	17619
1	17620
2	17627
1	17628
5	17631
1	17635
2	17637
1	17638
7	17640
4	17641
1	17642
1	17643
1	17646
2	17647
2	17650
3	17654
2	17656
1	17657
4	17658
1	17659
1	17661
2	17662
3	17667
1	17669
4	17670
2	17673
6	17675
3	17676
2	17679
1	17680
2	17683
1	17685
1	17686
11	17687
1	17688
6	17689
1	17691
1	17692
1	17697
4	17698
1	17699
1	17703
2	17704
2	17709
3	17710
1	17711
3	17712
2	17713
1	17714
1	17716
4	17719
1	17724
2	17727
2	17729
1	17730
2	17731
2	17732
1	17734
1	17736
1	17737
5	17738
1	17743
2	17745
2	17751
2	17752
2	17753
4	17755
3	17756
6	17757
1	17760
1	17761
3	17764
4	17766
4	17770
2	17771
2	17773
1	17774
1	17775
3	17776
1	17777
1	17780
3	17781
1	17782
1	17784
1	17785
3	17786
1	17787
2	17790
3	17792
2	17794
2	17795
1	17802
2	17805
2	17809
1	17812
1	17815
2	17818
4	17819
2	17820
3	17823
2	17824
2	17826
4	17827
5	17828
2	17829
3	17832
3	17834
4	17835
2	17840
2	17841
5	17843
2	17844
5	17846
2	17847
1	17848
4	17850
1	17851
3	17852
1	17853
1	17854
3	17855
3	17858
1	17859
2	17860
1	17862
1	17864
2	17865
10	17868
4	17869
1	17870
3	17871
1	17872
3	17874
2	17876
4	17877
1	17881
1	17882
1	17884
3	17885
2	17886
2	17892
1	17907
6	17908
1	17911
2	17912
2	17913
1	17915
1	17916
2	17918
6	17920
1	17922
4	17923
2	17925
1	17928
1	17930
2	17933
4	17939
1	17942
3	17943
1	17947
1	17948
3	17949
3	17951
6	17952
2	17953
1	17957
2	17961
5	17962
2	17963
1	17964
1	17966
1	17967
3	17970
2	17972
2	17974
2	17975
1	17976
2	17980
1	17982
1	17983
1	17984
1	17987
1	17989
2	17992
1	17995
1	17999
2	18000
2	18001
1	18003
5	18007
2	18009
3	18015
1	18016
1	18022
6	18025
7	18028
1	18029
4	18032
2	18034
1	18036
3	18040
2	18041
1	18042
1	18043
1	18045
5	18048
2	18049
2	18052
1	18053
1	18054
6	18055
1	18061
1	18063
2	18066
2	18067
7	18069
2	18072
2	18074
1	18078
10	18080
3	18082
6	18085
1	18086
4	18088
2	18089
4	18090
5	18091
4	18093
1	18094
1	18098
1	18101
2	18102
1	18104
1	18107
1	18112
2	18113
1	18114
4	18115
1	18119
1	18123
2	18124
1	18126
3	18127
1	18130
6	18131
1	18132
1	18133
1	18136
2	18137
1	18140
2	18141
2	18142
2	18146
1	18147
1	18149
2	18150
1	18151
3	18154
1	18163
2	18165
2	18170
1	18172
1	18176
1	18178
3	18180
2	18183
1	18188
2	18189
2	18190
1	18191
3	18192
2	18193
5	18195
1	18197
2	18199
5	18201
4	18205
1	18210
2	18211
2	18212
2	18214
1	18216
1	18218
1	18219
1	18221
3	18222
3	18223
1	18226
4	18227
2	18228
1	18229
1	18231
2	18232
6	18233
2	18235
2	18236
2	18238
2	18242
2	18243
1	18246
2	18247
3	18249
1	18250
2	18251
1	18259
2	18261
1	18262
1	18269
3	18272
1	18274
1	18279
2	18280
2	18281
2	18283
2	18284
1	18287
2	18288
3	18289
2	18294
2	18295
5	18298
3	18302
1	18303
1	18307
2	18309
1	18310
2	18312
3	18314
1	18317
3	18320
1	18324
1	18328
1	18330
2	18331
1	18334
3	18336
1	18337
1	18338
2	18342
9	18345
2	18348
1	18352
1	18353
1	18358
2	18360
1	18361
2	18362
1	18363
1	18367
1	18369
1	18370
1	18371
2	18374
4	18379
1	18380
2	18381
4	18382
3	18383
2	18384
2	18386
2	18387
1	18388
2	18391
1	18393
2	18396
3	18398
3	18399
1	18400
5	18401
2	18402
1	18405
2	18406
2	18408
2	18410
3	18411
3	18414
1	18415
2	18416
2	18417
2	18420
7	18423
1	18425
6	18426
2	18428
3	18429
6	18430
3	18435
5	18439
3	18442
2	18443
1	18444
1	18448
1	18449
1	18450
2	18453
1	18455
6	18456
2	18458
1	18460
1	18461
1	18462
1	18464
1	18467
1	18468
3	18470
2	18471
2	18472
2	18474
2	18475
2	18478
1	18479
1	18482
4	18483
1	18484
2	18491
1	18492
1	18494
1	18496
1	18498
2	18500
2	18502
2	18506
5	18508
1	18509
1	18512
1	18513
6	18514
1	18516
3	18517
2	18518
2	18519
2	18523
1	18524
1	18525
1	18526
3	18528
2	18529
1	18530
2	18531
1	18532
1	18533
3	18537
1	18538
1	18539
4	18543
1	18545
4	18546
2	18547
3	18548
1	18552
2	18554
2	18556
2	18557
1	18561
2	18563
5	18564
1	18566
3	18570
1	18571
1	18572
1	18573
4	18574
1	18578
2	18582
3	18584
3	18588
1	18590
1	18591
1	18593
7	18596
1	18598
3	18599
5	18604
1	18605
1	18608
1	18610
4	18614
2	18617
1	18621
1	18623
3	18626
3	18627
1	18628
1	18631
1	18632
2	18634
2	18635
2	18636
1	18637
3	18641
2	18642
1	18643
1	18645
8	18647
2	18649
1	18653
1	18655
2	18657
2	18660
2	18661
2	18666
2	18667
1	18668
2	18669
1	18670
1	18673
1	18676
1	18682
3	18694
2	18696
6	18698
1	18700
4	18701
2	18703
5	18705
7	18706
3	18709
1	18710
2	18713
4	18714
5	18716
2	18718
2	18719
3	18720
2	18726
1	18727
2	18729
1	18732
2	18733
1	18734
2	18735
1	18740
3	18741
2	18744
1	18745
1	18750
3	18754
1	18755
2	18759
1	18762
2	18763
1	18764
1	18765
1	18766
3	18767
2	18768
2	18777
1	18784
4	18785
2	18786
6	18789
8	18793
2	18794
3	18798
2	18802
3	18803
1	18805
2	18809
1	18811
2	18813
3	18817
2	18819
1	18820
2	18823
2	18824
3	18828
1	18831
1	18832
2	18833
4	18834
6	18835
1	18836
1	18841
1	18847
1	18848
1	18849
1	18850
1	18853
2	18854
2	18860
3	18861
4	18864
3	18866
3	18868
1	18869
2	18873
4	18875
1	18876
1	18877
1	18880
2	18884
1	18885
1	18886
1	18887
1	18889
4	18890
1	18893
3	18894
10	18895
1	18896
1	18898
6	18900
2	18901
1	18903
5	18907
1	18909
1	18910
1	18913
3	18917
2	18918
1	18919
1	18921
3	18922
1	18929
1	18931
1	18932
2	18935
1	18936
3	18940
2	18941
2	18944
3	18946
2	18949
3	18950
4	18951
2	18952
3	18954
5	18955
2	18956
3	18957
2	18961
1	18962
1	18965
1	18966
1	18967
1	18968
1	18969
1	18973
4	18979
1	18980
2	18983
1	18984
2	18988
1	18990
4	18991
2	18993
3	18996
1	18998
1	18999
2	19001
1	19002
2	19003
2	19005
3	19006
1	19008
1	19009
2	19011
1	19013
3	19014
2	19017
3	19018
2	19019
3	19021
2	19024
1	19027
6	19028
1	19030
3	19031
1	19032
2	19033
3	19035
1	19038
1	19039
2	19041
4	19043
1	19045
2	19046
7	19047
1	19049
1	19052
2	19053
1	19058
3	19061
1	19066
4	19080
2	19083
4	19113
3	19117
1	19130
6	19134
2	19136
2	19141
2	19143
1	19146
4	19154
1	19158
1	19160
1	19170
2	19177
2	19209
5	19234
5	19253
2	19263
5	19273
3	19280
1	19284
6	19290
1	19313
1	19320
2	19324
3	19326
2	19331
2	19338
3	19344
3	19350
1	19353
9	19363
3	19387
2	19389
1	19410
3	19423
2	19462
4	19466
1	19499
1	19505
1	19524
2	19549
1	19551
6	19553
1	19569
1	19579
1	19593
4	19620
2	19622
3	19624
5	19628
1	19631
5	19641
7	19658
2	19666
1	19677
2	19683
1	19701
2	19709
1	19715
5	19720
2	19721
3	19733
4	19736
2	19784
3	19797
1	19802
5	19827
1	19841
7	19845
4	19847
1	19849
5	19853
4	19861
1	19867
1	19887
2	19898
2	19926
1	19931
1	19934
3	19958
3	19968
1	19971
1	20003
1	20012
4	20046
4	20053
1	20059
2	20073
5	20089
1	20097
1	20105
5	20113
2	20117
2	20132
2	20135
1	20158
3	20160
2	20167
3	20171
3	20192
3	20195
7	20200
1	20212
1	20213
3	20215
2	20245
1	20248
2	20254
3	20256
3	20266
1	20267
2	20268
1	20270
1	20301
1	20306
3	20314
11	20316
1	20320
1	20324
4	20336
2	20346
1	20349
1	20373
1	20374
3	20382
1	20424
10	20439
1	20452
5	20454
3	20460
2	20461
4	20469
3	20490
2	20499
1	20510
1	20515
1	20520
7	20537
2	20542
1	20563
1	20575
2	20586
3	20588
3	20592
1	20595
2	20596
2	20609
3	20614
1	20618
5	20623
3	20629
2	20633
2	20651
1	20652
5	20689
2	20703
1	20709
3	20716
2	20721
3	20729
1	20731
2	20769
1	20775
6	20776
1	20799
1	20814
2	20819
1	20824
7	20827
1	20842
7	20847
1	20851
4	20859
1	20873
1	20877
1	20911
1	20922
1	20938
1	20948
1	20949
1	20970
1	20989
10	21012
1	21015
1	21017
4	21024
2	21039
2	21041
1	21049
1	21068
3	21071
3	21108
2	21114
1	21117
3	21124
1	21146
1	21149
1	21153
2	21155
2	21159
2	21161
2	21164
1	21175
1	21178
1	21180
2	21199
1	21205
1	21235
1	21254
1	21262
1	21285
4	21290
1	21312
1	21315
2	21321
2	21354
13	21384
3	21412
1	21416
1	21425
1	21432
2	21445
1	21448
3	21473
1	21476
1	21515
4	21519
1	21538
3	21540
2	21544
1	21561
1	21581
2	21586
1	21593
2	21605
2	21606
1	21608
1	21623
6	21633
2	21651
3	21663
1	21680
1	21684
1	21690
1	21701
3	21716
1	21728
1	21755
1	21756
2	21758
3	21774
2	21788
6	21789
2	21791
4	21797
3	21806
1	21812
1	21815
3	21819
2	21823
1	21824
1	21833
2	21844
1	21853
1	21855
2	21882
2	21890
3	21895
3	21915
1	21922
1	21930
1	21934
3	21937
1	21940
1	21942
1	21958
3	21960
1	21976
2	21979
1	21986
1	21989
2	21994
4	21999
4	22011
2	22027
1	22032
1	22035
2	22040
1	22046
1	22053
5	22072
1	22087
3	22104
2	22119
3	22130
2	22139
3	22153
1	22160
3	22170
1	22181
4	22194
1	22203
4	22209
1	22228
4	22238
1	22250
1	22254
3	22260
2	22267
1	22272
1	22275
1	22294
6	22304
1	22310
1	22316
1	22319
1	22332
1	22352
1	22360
1	22364
2	22368
2	22370
3	22388
2	22389
1	22394
3	22397
3	22400
3	22402
2	22408
1	22410
3	22416
2	22418
1	22421
1	22441
1	22453
4	22468
5	22469
7	22474
3	22481
1	22491
1	22500
1	22501
3	22506
2	22529
2	22532
1	22535
3	22545
1	22552
2	22559
4	22570
1	22577
2	22582
7	22583
1	22597
1	22598
1	22615
1	22617
2	22628
3	22629
1	22630
1	22638
1	22651
2	22658
3	22672
3	22687
2	22696
1	22710
2	22720
3	22742
2	22747
1	22748
1	22749
4	22758
1	22760
1	22768
2	22771
2	22783
4	22786
2	22791
3	22811
1	22816
6	22821
1	22822
1	22825
1	22828
1	22830
7	22841
5	22843
1	22845
3	22859
1	22886
1	22899
4	22922
2	22926
1	22927
2	22932
8	22933
5	22937
4	22939
1	22941
1	22959
1	22971
3	22974
3	22993
4	22994
1	23017
1	23028
5	23034
1	23036
3	23037
2	23045
6	23049
8	23050
3	23052
1	23053
2	23068
8	23069
1	23074
1	23077
1	23083
1	23086
3	23095
1	23104
5	23109
2	23113
2	23132
1	23136
1	23139
3	23143
2	23148
5	23155
4	23167
3	23179
9	23195
2	23205
1	23248
1	23253
2	23262
2	23263
2	23266
1	23268
2	23275
4	23276
2	23316
1	23331
2	23333
2	23334
1	23337
6	23344
3	23351
4	23361
3	23364
4	23375
1	23382
1	23398
3	23404
3	23405
1	23406
4	23411
3	23424
2	23429
3	23439
1	23442
4	23447
2	23458
1	23475
2	23477
1	23478
1	23489
1	23498
1	23501
1	23506
2	23509
3	23517
1	23520
1	23538
1	23572
1	23581
4	23595
2	23607
3	23619
4	23631
2	23645
1	23664
3	23669
1	23675
5	23682
1	23695
1	23734
3	23750
1	23753
5	23761
1	23764
3	23783
3	23797
4	23802
1	23803
8	23816
3	23823
1	23848
1	23854
3	23858
1	23866
6	23877
2	23888
2	23907
3	23917
1	23922
2	23927
2	23929
1	23930
4	23945
1	23947
2	23954
3	23959
1	23967
1	23977
3	23986
2	24000
4	24022
1	24027
2	24040
1	24064
4	24068
1	24073
2	24077
2	24086
5	24089
1	24092
1	24100
1	24114
4	24121
2	24132
1	24134
1	24152
2	24157
1	24168
1	24177
6	24181
7	24187
1	24194
1	24208
1	24213
4	24232
4	24238
2	24253
2	24256
7	24259
1	24295
2	24300
2	24301
1	24305
2	24310
1	24311
2	24326
2	24348
3	24356
1	24364
1	24370
2	24383
5	24387
1	24391
3	24399
5	24419
2	24434
2	24439
1	24446
1	24459
1	24461
1	24466
1	24486
2	24501
5	24509
1	24510
5	24514
5	24516
2	24534
3	24535
1	24549
5	24566
1	24573
1	24574
1	24579
3	24584
2	24606
2	24615
2	24620
1	24628
1	24642
2	24644
5	24649
1	24655
1	24657
1	24695
1	24704
3	24713
1	24741
2	24745
5	24746
3	24750
1	24764
1	24767
1	24784
1	24791
2	24813
1	24820
6	24821
1	24825
2	24831
2	24860
2	24867
1	24877
4	24885
2	24887
1	24921
1	24929
1	24936
1	24942
2	24947
2	25044
1	25049
1	25055
2	25129
1	25212
4	25277
1	25279
4	25410
7	25437
8	25440
1	25464
3	25520
4	25569
1	25611
2	25665
1	25762
1	25776
4	25784
2	25815
2	25871
1	25881
1	25918
3	25925
3	25928
4	25929
1	25961
4	26001
3	26021
3	26022
1	26033
5	26060
2	26061
7	26092
1	26097
2	26106
3	26130
1	26132
2	26141
3	26150
4	26164
4	26199
3	26258
1	26270
2	26295
1	26307
1	26344
1	26346
1	26434
1	26435
2	26468
2	26473
1	26501
10	26517
1	26550
1	26551
1	26580
2	26581
2	26584
4	26587
2	26601
1	26604
1	26617
1	26625
1	26644
2	26651
1	26658
2	26679
2	26691
2	26794
2	26823
1	26844
1	26856
3	26872
2	26879
2	26884
3	26895
1	26949
4	26966
3	27034
1	27035
1	27042
1	27048
3	27132
3	27143
1	27172
2	27216
2	27244
1	27276
3	27325
1	27332
2	27342
1	27415
3	27475
2	27594
1	27667
1	27700
6	27778
1	27827
1	27849
2	28006
1	28034
1	28067
2	28102
1	28112
1	28648
1	28650
1	28696
4	28790
1	28799
2	28831
1	28915
1	29134
1	29171
2	29300
1	29399
2	29527
2	29929
3	30082
2	30218
1	30221
1	30244
3	30296
2	30578
2	30715
1	30846
1	32140
2	32878
2	33353
